1000 999
932 823
327 977
686 691
953 794
15 119
737 388
990 974
288 352
61 902
788 623
663 359
127 339
90 326
932 444
186 618
720 711
19 212
903 485
701 981
374 798
704 682
448 9
392 995
876 919
654 865
666 779
96 42
398 791
270 52
100 789
934 153
530 384
42 672
85 190
155 212
958 671
875 109
548 907
623 513
267 368
105 726
333 58
188 410
489 581
39 541
339 359
400 878
484 552
934 358
248 996
199 800
397 834
632 724
111 982
944 543
505 860
843 562
506 33
821 322
219 899
430 756
852 794
24 57
765 911
715 494
36 420
288 376
804 259
277 334
775 874
700 545
196 869
751 50
772 793
127 572
57 740
674 816
802 422
787 119
746 449
751 710
354 97
448 833
889 606
511 548
704 759
879 843
229 803
919 992
896 88
945 309
592 434
925 443
542 693
612 460
747 960
424 383
494 137
106 204
445 5
657 421
577 257
948 590
106 966
862 918
446 709
977 457
198 385
917 928
287 711
555 849
15 559
196 450
850 713
264 12
446 824
281 782
439 254
986 601
255 422
817 396
65 894
252 830
510 215
152 241
323 472
551 535
687 577
210 510
809 770
256 85
93 971
156 398
365 546
46 491
410 896
147 878
408 853
704 512
445 73
956 760
114 213
115 547
117 667
245 960
639 959
267 347
743 244
569 633
177 850
975 922
459 479
354 690
847 638
891 566
787 325
399 336
588 393
542 653
258 811
241 579
630 973
746 841
906 186
963 656
794 735
817 456
117 637
669 179
684 140
413 633
607 922
723 171
975 165
741 868
36 818
305 24
181 439
543 373
310 197
183 874
637 635
959 222
686 561
369 235
131 705
679 907
415 855
59 949
2 108
277 939
591 58
836 46
459 223
120 428
418 916
384 706
791 18
428 156
219 17
305 356
161 117
428 903
202 716
37 969
700 273
973 201
517 106
244 885
476 446
266 484
290 705
192 258
935 473
301 198
909 437
784 393
474 608
380 781
707 518
3 874
952 881
736 829
797 116
870 402
769 843
477 398
858 801
181 628
419 289
786 923
254 251
485 544
278 702
51 584
792 564
303 217
208 825
542 149
475 31
403 967
854 793
563 979
325 342
160 344
341 242
10 756
18 644
661 742
368 565
613 357
355 950
335 571
241 425
595 791
225 594
400 882
103 807
953 516
730 223
829 941
158 674
702 11
410 538
888 39
493 703
780 953
208 146
842 418
581 985
113 173
122 383
126 864
806 412
191 633
488 974
182 128
790 484
693 98
230 934
450 239
110 578
392 513
375 462
865 660
493 297
286 381
956 819
18 583
733 531
861 194
627 465
384 41
102 568
767 895
95 629
763 731
199 881
450 391
80 581
661 351
274 945
522 124
480 838
521 459
88 463
867 225
941 296
371 260
814 81
489 855
617 396
903 708
830 758
841 949
134 505
702 138
679 426
374 634
826 540
105 843
386 525
518 54
585 8
996 808
818 781
37 280
752 576
366 340
582 201
102 728
997 668
138 388
644 381
223 133
469 298
514 568
451 446
341 725
305 714
276 620
445 15
964 601
873 528
822 440
670 453
673 86
996 933
31 41
657 141
751 133
202 515
629 83
131 251
193 536
877 824
1 45
300 673
569 204
99 157
170 513
391 816
935 500
721 93
813 299
431 84
232 467
931 645
143 981
244 462
60 587
238 604
403 83
116 495
591 843
30 172
575 125
54 36
18 429
429 744
407 962
61 688
496 332
573 293
979 599
8 282
257 788
649 951
417 468
883 778
141 239
684 28
497 430
469 328
924 284
241 575
428 9
532 538
306 558
261 114
21 249
225 853
583 211
37 462
814 983
122 289
506 233
733 631
838 850
991 417
271 219
626 346
898 324
5 810
22 243
462 880
164 811
943 402
314 918
946 603
673 499
69 943
596 232
593 36
415 192
220 957
159 592
823 664
900 382
234 934
5 886
354 807
204 435
455 991
663 490
469 974
173 44
751 830
620 923
867 556
38 832
774 371
203 968
874 12
250 658
930 793
186 390
56 358
866 955
399 501
55 244
325 498
805 892
157 838
405 836
393 820
996 920
615 405
706 884
443 984
706 320
926 727
158 867
911 395
273 198
568 257
995 642
999 887
51 459
504 464
78 163
212 289
425 371
176 307
256 897
72 464
609 904
216 548
966 451
364 234
778 846
89 46
352 586
781 533
732 262
527 214
284 217
351 779
828 776
429 374
62 40
453 467
402 965
507 928
81 272
129 740
394 283
329 956
214 729
190 128
781 71
207 937
990 965
929 999
987 208
704 827
40 868
187 530
652 659
446 65
307 767
960 297
902 630
340 645
797 411
154 510
867 454
681 529
832 79
66 702
919 852
332 557
835 865
926 328
984 934
133 745
865 287
170 4
172 222
386 785
873 890
652 760
269 641
153 382
636 853
144 592
743 661
906 626
569 821
600 286
849 458
487 606
310 51
526 716
845 88
174 545
455 777
703 211
777 361
375 763
837 981
402 91
982 761
813 202
561 854
778 104
265 148
602 928
584 625
346 493
839 56
126 745
755 723
360 549
959 378
112 510
808 736
698 372
753 9
910 949
230 236
462 92
319 827
423 474
356 535
444 912
337 697
456 976
919 481
779 509
20 905
654 770
343 214
275 153
690 209
644 978
955 771
646 76
522 654
700 409
950 406
759 911
524 368
721 816
800 920
804 223
787 163
973 782
853 10
316 627
508 470
929 803
14 22
427 264
311 756
385 252
908 823
869 313
337 353
692 724
237 15
517 176
330 480
460 424
327 580
293 158
689 946
20 345
124 740
546 520
918 365
851 702
93 190
589 865
524 783
624 677
658 621
631 235
360 584
214 243
678 919
27 629
527 52
98 160
528 781
40 785
871 437
166 601
255 565
940 433
82 355
372 145
665 762
207 234
380 973
961 156
114 938
803 634
263 797
441 769
152 872
955 205
362 468
723 610
637 357
656 435
546 292
127 901
874 502
737 584
940 790
662 863
25 163
431 993
619 638
602 656
656 115
980 322
740 652
140 613
123 12
550 645
652 683
240 176
913 58
927 577
896 121
537 29
523 716
203 787
353 32
148 822
215 312
922 75
536 90
53 161
184 638
447 212
947 291
914 220
265 555
16 368
15 228
158 550
841 242
638 461
883 519
927 11
508 527
669 587
260 39
202 656
97 449
77 816
259 151
6 314
654 23
893 134
244 696
578 440
983 734
94 593
232 554
179 412
495 983
287 748
831 118
401 626
277 177
920 892
118 368
59 878
834 348
362 870
453 686
52 44
380 337
8 337
67 482
840 108
482 302
567 604
910 520
662 969
87 903
381 111
197 671
109 622
921 467
221 530
946 680
970 664
43 276
185 565
91 989
132 56
434 764
962 431
570 319
20 564
533 205
655 150
666 369
255 787
597 592
412 367
861 469
469 262
331 349
107 506
17 231
169 960
227 611
318 240
774 915
972 51
362 343
384 947
747 685
195 706
208 221
100 176
76 534
283 621
831 848
456 134
862 126
370 609
724 981
889 914
810 13
539 286
74 7
559 954
440 688
509 84
773 462
378 735
530 912
233 306
404 9
448 856
749 403
247 367
750 494
218 64
131 614
503 980
643 802
944 200
712 307
108 695
358 796
862 363
563 859
676 648
180 215
115 738
994 498
608 575
800 432
722 898
512 675
936 963
531 326
104 294
145 420
105 985
63 356
199 96
219 517
718 593
99 274
139 135
527 719
442 171
323 10
38 710
529 679
938 359
997 414
402 967
178 696
97 26
641 794
226 720
605 466
406 652
306 315
743 874
587 897
357 317
125 580
590 740
478 920
173 651
416 71
130 140
722 868
29 92
162 972
561 415
622 765
427 70
399 526
914 504
233 74
168 227
295 979
823 747
13 699
331 732
676 824
848 650
181 338
867 492
321 619
379 844
686 510
557 64
586 445
189 915
466 4
373 843
474 150
387 303
304 450
540 281
542 333
285 660
665 850
663 370
152 235
773 276
224 238
717 345
730 640
560 361
692 169
490 2
155 835
147 295
674 588
734 34
348 365
177 268
886 136
437 185
456 350
907 363
920 627
180 935
294 169
170 114
308 933
125 550
188 22
48 77
569 167
318 592
757 665
332 939
896 525
392 998
483 871
685 414
443 438
351 649
911 78
436 531
47 514
206 237
358 795
295 754
464 673
102 817
524 452
612 302
900 45
32 377
694 30
768 912
129 752
410 21
75 351
1000 200
224 422
210 790
311 988
903 616
187 619
432 236
858 656
142 271
300 799
598 282
927 727
828 143
389 748
664 227
198 480
574 544
279 549
723 812
486 433
35 196
338 206
253 49
893 621
246 925
615 496
56 411
262 101
402 28
364 889
689 891
330 815
750 423
442 94
372 290
652 771
428 139
604 780
524 739
783 253
646 399
296 175
718 766
566 524
612 844
166 532
951 831
582 717
192 942
948 317
217 934
19 571
912 705
733 553
647 353
68 321
427 857
453 304
388 895
382 552
263 418
471 33
833 107
691 677
