1000 5000
308 693
826 327
86 323
397 883
952 580
658 1000
466 122
579 993
68 238
2 41
94 325
162 534
728 976
23 862
730 895
134 669
712 96
174 895
297 931
969 813
526 357
420 317
971 425
165 506
373 748
422 206
921 299
397 67
990 837
774 798
692 685
393 231
453 332
36 675
873 156
475 676
20 221
141 27
505 296
840 915
421 442
596 369
204 7
311 136
343 244
777 731
387 557
583 408
403 566
64 207
912 339
642 449
530 705
469 131
490 83
293 573
494 808
561 964
290 993
905 308
643 892
604 140
483 530
116 866
815 485
83 74
310 602
867 420
322 944
171 702
909 659
386 244
47 985
79 975
372 232
581 287
258 161
642 733
867 46
490 429
276 236
77 701
835 521
924 611
881 397
431 894
39 33
336 516
589 543
927 94
366 126
252 666
173 858
939 972
806 666
255 305
1 378
945 868
318 134
945 15
484 10
296 389
558 611
539 38
99 330
849 763
736 353
395 269
27 620
662 358
58 434
712 780
35 429
96 3
715 486
751 649
129 787
414 304
795 670
519 645
731 463
811 397
343 410
364 422
940 854
706 470
596 67
705 314
940 339
11 769
384 70
690 484
901 424
143 361
132 722
673 150
393 978
482 155
12 464
410 434
608 615
330 38
541 441
820 794
307 652
895 302
125 723
374 154
252 48
676 807
188 775
174 698
390 407
509 242
870 103
310 48
467 535
577 355
723 172
923 130
499 822
212 859
932 303
117 965
21 28
209 873
812 12
153 728
97 995
940 166
193 924
795 737
544 245
816 363
430 711
364 762
214 835
182 216
821 317
191 25
266 251
972 509
13 752
548 254
569 509
632 760
594 871
816 510
585 498
895 223
413 523
940 331
656 918
443 219
389 310
860 368
881 456
18 345
657 748
697 613
74 198
959 810
276 906
16 72
894 896
416 303
890 1
812 308
281 746
498 90
797 331
367 902
979 479
863 733
566 749
686 669
970 15
320 655
130 933
324 57
989 688
444 670
311 817
442 45
57 43
373 393
68 740
262 890
553 739
934 513
254 268
121 149
717 419
684 220
937 277
245 990
302 776
563 62
769 54
532 199
367 18
412 321
37 626
479 207
670 627
299 131
844 187
393 330
389 779
769 631
197 525
56 221
594 275
718 274
512 285
405 120
381 443
325 588
422 463
228 337
560 173
180 644
22 874
985 745
505 982
360 575
759 200
127 971
493 923
247 440
480 931
338 530
484 968
545 868
42 356
786 298
246 916
993 36
475 506
478 305
436 108
30 75
157 418
610 14
401 956
299 245
286 389
393 251
899 195
698 733
283 879
375 292
227 641
312 896
362 918
24 374
678 282
273 961
935 201
827 315
616 162
620 169
324 217
687 444
754 625
112 251
873 620
668 359
910 289
56 778
262 89
22 270
923 633
849 340
318 825
670 487
702 501
869 67
618 196
597 46
159 125
913 297
733 113
555 849
942 823
325 590
430 545
295 386
867 701
545 934
499 576
407 948
976 717
835 379
534 431
897 82
367 357
562 923
441 355
428 410
928 278
152 380
964 919
781 493
469 433
158 224
774 461
591 992
143 437
1000 332
880 92
102 54
276 950
901 131
595 475
689 956
237 909
53 352
916 262
920 117
102 543
746 641
869 918
556 934
96 559
323 955
111 688
972 46
667 88
247 593
898 796
880 187
771 211
768 782
66 427
722 81
327 83
275 699
985 658
664 668
111 366
656 615
538 765
830 255
270 109
947 36
305 747
304 621
164 110
159 868
651 238
130 949
17 720
309 25
54 859
926 389
178 523
483 809
559 39
165 993
857 967
176 261
366 333
653 434
687 364
639 206
468 195
69 36
297 217
989 520
776 825
522 376
859 335
448 570
869 378
52 320
999 303
490 74
214 256
66 496
299 578
980 913
893 670
517 386
678 634
67 672
911 78
690 745
887 618
340 381
506 32
516 291
551 228
296 303
310 913
55 207
99 614
28 14
608 568
578 727
554 779
26 236
221 996
635 12
182 498
743 856
732 476
720 978
406 269
517 217
372 664
524 847
763 374
729 95
714 269
30 342
675 180
848 436
775 646
14 232
404 840
611 78
147 202
808 944
795 326
600 626
726 402
633 559
419 143
276 475
63 311
1 844
922 954
549 615
377 493
50 572
343 938
549 862
465 318
102 582
489 487
823 220
138 507
759 473
574 480
684 574
360 903
461 886
431 464
534 374
402 462
252 812
275 732
424 386
200 853
52 420
161 788
388 154
68 571
277 795
715 609
812 711
417 259
97 982
403 67
931 321
977 664
854 922
121 318
364 546
699 306
29 777
217 515
562 229
43 579
816 344
430 389
897 316
362 745
386 15
756 695
828 590
424 222
569 954
941 270
910 321
697 535
868 336
531 825
637 835
24 306
98 565
867 298
599 245
158 311
573 251
259 906
128 390
977 324
661 785
296 439
945 598
322 926
378 609
176 404
795 152
414 205
242 485
580 942
342 95
61 739
394 736
843 295
404 391
554 979
640 516
3 662
540 994
847 721
826 450
621 288
382 376
678 397
6 101
991 797
586 728
659 939
819 591
732 773
594 37
341 89
807 704
955 858
233 767
917 36
363 621
730 783
931 981
394 927
948 885
845 381
663 112
6 793
613 967
725 302
353 490
968 370
693 471
575 520
406 544
777 769
276 49
14 155
109 427
415 667
290 127
694 505
380 173
349 716
952 726
189 359
593 947
384 814
565 892
891 479
445 660
223 703
825 355
771 450
318 783
869 929
103 863
21 436
518 476
696 377
846 633
486 312
79 941
226 773
275 160
943 61
234 664
867 582
121 603
89 607
410 689
563 625
526 906
241 643
331 794
43 136
280 118
920 291
454 791
126 180
271 274
202 107
394 957
144 965
950 135
919 898
751 754
854 875
583 87
655 357
813 82
840 2
413 804
804 778
520 510
114 987
608 7
75 352
83 220
779 118
935 861
259 308
388 576
600 182
273 990
362 515
47 628
658 189
569 859
742 183
804 167
994 991
5 383
552 284
539 608
843 481
860 153
581 97
414 522
464 800
212 492
405 939
220 325
636 520
394 637
423 549
252 456
534 15
724 268
208 501
909 552
732 889
587 120
950 333
88 755
250 613
142 315
64 299
310 917
993 512
347 367
48 704
198 515
182 644
287 792
752 260
12 572
254 514
414 778
264 571
203 672
295 512
832 442
518 182
732 408
599 867
527 274
73 146
853 859
485 243
726 28
848 529
697 632
111 239
109 684
848 16
778 738
110 244
42 5
877 848
83 737
764 346
247 291
121 594
671 896
586 41
28 620
140 759
963 607
425 523
567 634
884 508
895 299
719 951
137 774
951 71
694 143
668 866
640 356
920 179
91 555
337 858
497 180
916 940
613 149
19 377
726 598
312 502
817 672
465 536
489 693
660 900
876 402
209 922
483 439
994 897
657 587
194 984
654 730
498 805
801 516
339 667
778 750
54 940
292 227
462 981
881 882
55 73
67 138
188 845
739 303
454 576
395 361
171 332
213 693
44 283
777 696
248 259
21 816
313 904
505 548
292 135
579 775
83 583
517 258
989 744
273 874
953 898
955 275
297 707
663 500
858 922
625 195
224 843
912 625
151 970
930 507
766 829
992 655
687 317
849 514
1 670
731 746
817 651
171 757
627 542
341 517
902 19
879 472
2 396
800 172
279 889
528 975
746 784
906 997
229 760
718 843
139 59
464 550
20 192
528 479
323 237
117 120
931 48
471 927
544 430
585 265
270 294
108 428
569 624
996 877
755 473
709 823
755 48
612 914
102 578
284 835
289 581
101 174
810 4
355 837
809 606
393 200
526 864
483 347
824 179
720 582
163 898
620 634
172 341
253 838
402 529
386 756
314 318
562 46
10 222
109 140
602 572
320 20
853 468
112 461
111 419
508 437
208 585
502 479
469 194
799 633
598 787
415 379
831 305
269 669
833 610
525 354
867 58
129 27
150 749
66 372
666 357
57 872
60 863
150 955
360 8
166 485
717 361
190 747
264 927
288 390
771 340
108 645
2 742
781 329
379 48
920 123
702 857
425 102
304 559
12 202
143 498
248 236
452 685
291 915
55 78
86 925
862 97
72 724
814 955
336 350
311 20
989 960
605 832
991 668
363 20
991 367
739 618
352 537
869 576
225 662
322 70
733 387
650 191
193 737
82 670
905 71
567 754
508 841
493 221
841 995
233 733
201 787
228 144
44 300
850 340
905 342
680 310
789 464
999 425
234 157
712 10
587 720
729 90
996 707
897 196
521 321
575 666
271 861
193 908
541 844
818 932
643 480
254 176
903 924
450 437
449 736
94 762
656 113
757 793
882 246
242 101
674 146
834 973
837 35
572 326
571 879
492 422
937 35
666 766
221 702
681 871
52 689
588 454
42 21
750 869
550 490
556 865
144 567
458 794
18 228
888 258
581 225
663 222
143 865
510 705
781 392
837 821
222 726
783 863
851 149
26 275
595 628
181 207
50 384
623 930
52 241
80 706
821 736
204 849
474 393
293 442
953 71
270 387
433 787
107 822
748 983
374 193
585 446
924 672
464 204
669 642
358 591
694 138
656 166
840 56
776 154
969 728
874 496
962 394
779 293
110 731
142 56
389 637
217 700
585 227
267 252
718 633
563 27
321 301
418 234
450 304
682 229
684 277
157 543
272 633
492 99
118 381
40 374
570 728
837 399
234 115
284 719
307 969
589 215
230 175
913 996
909 599
751 371
44 463
483 801
716 779
273 394
64 103
1000 450
240 969
527 618
987 562
676 584
964 608
657 253
712 985
840 545
367 31
416 452
96 491
83 86
414 219
844 851
821 55
261 812
672 782
247 950
621 614
474 959
519 295
144 921
59 87
239 835
403 343
970 676
379 955
195 154
294 167
620 347
468 498
217 848
53 222
131 180
517 92
727 791
799 68
329 958
702 753
585 748
970 817
732 134
644 724
317 290
442 964
190 805
327 323
189 246
985 7
386 949
131 270
360 840
866 494
546 159
14 366
17 870
559 241
802 258
595 407
893 142
337 987
909 391
659 118
148 892
502 711
20 484
431 957
212 245
572 787
82 800
864 547
193 716
305 826
529 27
858 906
242 682
297 16
315 343
709 150
620 458
351 395
106 172
978 572
626 508
305 989
659 80
309 440
804 927
864 58
305 337
979 267
675 946
190 578
47 30
363 438
453 979
979 349
302 522
928 164
788 580
152 416
223 919
502 132
593 108
390 489
97 699
856 369
53 621
151 823
724 102
879 589
141 962
80 19
299 704
792 788
62 640
281 111
295 406
719 881
957 725
158 527
493 631
347 668
543 627
945 750
460 386
869 566
328 64
200 273
577 211
464 568
30 669
68 430
534 318
853 779
344 837
476 120
301 254
205 161
322 568
300 635
877 378
942 493
543 312
356 874
359 833
500 152
350 160
123 170
112 349
153 887
804 768
822 851
268 24
837 864
778 844
682 153
48 89
765 850
490 220
501 267
437 212
811 662
777 152
500 396
749 503
275 239
264 88
620 942
51 218
678 311
633 573
15 185
15 542
359 258
684 60
259 120
443 206
806 853
544 7
998 541
252 924
27 464
355 897
565 130
851 433
994 460
351 153
36 874
839 781
365 558
254 918
942 967
679 333
855 175
320 648
587 320
164 599
833 938
107 783
524 213
696 244
62 952
555 756
673 847
645 265
440 710
857 664
519 541
909 629
676 562
68 653
291 635
281 68
371 681
172 779
911 395
388 390
307 861
247 212
703 62
213 668
193 878
209 710
683 597
264 544
432 22
518 531
992 18
320 848
986 379
576 469
760 603
341 358
76 671
863 454
43 54
334 967
647 497
625 441
1 609
469 749
758 12
988 457
771 762
634 45
772 126
121 714
851 991
950 313
985 496
5 258
206 605
64 887
516 406
61 898
162 20
319 773
934 35
385 852
490 481
616 716
913 430
243 358
398 998
104 723
752 475
465 493
816 884
218 858
523 357
698 106
586 787
944 434
655 272
42 690
272 467
200 794
259 587
92 830
518 147
368 987
794 143
843 531
196 560
957 637
666 225
580 341
886 820
401 132
713 525
716 327
286 736
876 570
537 138
418 705
395 683
253 936
390 11
565 819
762 523
605 412
489 93
620 617
135 491
912 479
610 484
967 177
601 513
424 247
881 985
112 367
287 238
145 312
198 657
726 991
990 997
920 679
712 664
512 395
320 360
380 577
538 876
359 740
202 111
184 603
4 467
292 600
61 684
431 703
198 7
368 274
401 857
26 982
733 481
326 381
643 311
187 354
60 623
690 672
280 798
557 834
191 9
99 499
155 690
746 982
367 26
168 410
542 769
838 490
425 844
363 169
818 667
808 161
619 22
666 237
989 659
507 239
966 940
87 250
446 749
629 247
869 302
488 358
350 39
889 212
728 889
495 862
999 923
237 115
963 831
473 314
207 126
745 540
316 593
956 751
364 849
895 66
876 370
561 948
274 343
428 609
923 345
589 445
212 287
596 702
36 731
978 833
690 434
875 609
744 684
447 246
166 686
382 449
503 992
816 244
79 456
676 619
680 173
362 813
201 990
699 246
402 29
652 449
501 461
189 469
902 202
969 520
14 650
835 644
992 922
756 75
876 482
840 624
373 6
427 230
976 745
735 474
782 287
411 296
300 561
817 627
40 427
219 492
634 855
76 819
839 738
552 893
267 582
404 148
782 692
11 196
477 702
327 937
811 825
235 339
769 373
40 187
647 338
744 821
63 275
231 565
532 995
705 105
151 281
869 829
936 284
589 335
552 155
268 543
562 86
396 242
929 299
385 24
538 746
835 221
292 636
973 521
496 988
360 956
59 678
354 697
504 34
977 1
376 351
550 413
718 496
463 991
656 741
322 42
39 919
492 574
444 393
238 984
4 741
373 437
297 77
32 316
405 110
891 52
286 765
769 334
370 491
352 954
815 773
529 313
25 919
250 474
213 741
192 414
234 777
887 875
700 369
334 38
629 686
343 715
20 911
588 524
268 958
523 161
167 827
44 795
46 880
883 771
849 354
196 327
590 149
222 822
306 863
439 53
747 459
233 108
447 249
717 54
462 951
532 889
837 707
324 414
827 537
356 980
447 538
542 209
641 801
65 831
117 620
823 617
115 218
511 583
640 260
22 947
988 990
722 418
127 391
245 232
139 136
75 322
834 404
120 267
807 592
104 57
495 729
265 582
578 818
330 716
247 701
702 731
729 75
349 108
576 478
863 800
37 319
630 334
190 48
588 377
398 921
390 46
109 35
573 799
73 110
784 1
469 709
903 403
308 868
116 233
623 633
851 997
177 147
814 626
726 852
874 6
694 180
827 440
525 864
226 183
749 165
297 102
544 270
331 984
604 248
404 544
549 599
678 276
825 873
777 395
959 421
515 199
765 622
660 977
55 450
215 302
167 756
85 67
189 897
831 843
663 838
819 141
316 723
566 137
813 802
22 16
632 151
628 418
155 329
48 202
727 542
861 983
92 405
685 606
431 427
892 181
615 153
713 845
36 582
962 688
732 936
542 353
852 552
827 429
338 734
507 677
319 491
402 521
540 815
98 872
811 188
764 255
939 598
134 966
788 930
617 905
388 893
587 948
189 591
29 418
612 496
715 707
178 103
245 816
394 434
621 174
149 161
199 416
585 252
210 53
893 280
120 748
370 757
583 441
716 141
574 394
558 796
482 527
895 777
958 927
138 169
533 749
732 147
989 653
374 993
880 623
890 148
855 279
859 317
472 484
820 797
152 692
378 456
946 908
34 773
800 257
988 544
453 860
420 535
380 473
451 334
559 378
124 628
649 841
865 849
610 183
284 462
333 287
735 729
653 865
838 133
486 626
561 101
258 244
124 697
588 378
785 574
478 289
155 835
982 637
630 379
644 43
836 303
341 21
688 750
343 630
124 401
859 365
64 597
234 633
968 827
710 905
535 987
819 318
231 672
315 276
177 128
260 499
510 911
177 468
384 293
898 119
138 440
510 813
575 501
539 560
891 721
43 329
199 793
396 529
852 471
519 621
30 56
326 112
600 84
136 312
955 768
284 305
397 706
450 796
12 864
351 429
48 333
182 392
619 401
784 150
346 562
816 664
82 561
445 110
788 63
152 637
271 365
601 306
722 660
186 783
704 986
910 591
479 814
553 545
358 527
880 409
644 552
871 56
800 397
746 951
109 272
785 625
31 385
141 913
543 133
215 453
305 292
728 243
147 245
512 159
141 344
483 180
815 567
267 311
907 266
82 695
660 857
751 417
907 389
735 731
724 907
688 766
378 236
90 567
825 266
507 972
329 807
399 334
938 129
900 287
846 169
1000 737
480 63
102 188
456 175
281 525
218 358
143 160
995 454
216 568
178 205
272 646
26 482
143 740
464 491
33 450
725 670
303 784
814 253
632 987
113 553
600 436
768 149
966 679
735 941
473 431
146 488
569 406
382 462
620 834
125 249
856 403
335 596
528 206
726 203
683 241
190 877
721 340
323 892
760 893
331 814
238 807
199 762
844 872
417 276
210 613
43 272
88 297
47 115
713 821
892 204
5 647
81 141
849 814
18 780
596 317
317 803
517 234
776 731
437 631
958 152
162 752
615 881
772 215
654 527
602 374
874 405
643 140
892 855
950 670
61 905
572 321
940 683
280 32
925 970
697 328
814 427
897 663
211 7
349 628
541 672
226 80
548 657
142 366
661 565
715 16
449 617
819 19
774 490
987 560
542 945
777 783
891 775
274 70
104 631
412 729
284 572
156 189
400 24
963 61
524 342
675 588
289 149
192 734
670 748
138 947
313 978
718 266
876 497
207 319
778 12
672 852
143 106
515 489
491 906
242 407
304 817
881 279
579 188
761 691
32 360
177 819
893 531
437 588
19 613
458 126
57 482
985 32
922 398
832 311
363 566
811 167
825 12
445 565
561 175
659 971
248 186
752 455
824 712
111 671
843 940
306 755
513 592
739 105
130 513
758 759
387 379
71 351
887 79
28 586
510 628
544 828
54 407
198 950
72 619
944 994
422 191
646 636
751 490
810 449
78 294
261 792
38 919
626 296
855 978
564 940
524 436
488 211
809 725
329 969
242 976
629 785
62 217
731 915
312 65
846 828
986 217
265 33
628 761
149 620
72 945
237 105
760 531
536 284
180 24
382 961
87 874
992 303
474 628
472 590
527 641
485 468
434 28
508 23
935 933
266 27
652 880
715 918
537 708
966 754
313 938
151 417
483 618
243 298
165 910
442 878
175 469
749 252
8 837
738 224
678 833
528 641
206 970
525 612
77 89
515 140
718 134
659 630
903 296
508 755
915 996
697 841
332 642
942 255
426 192
526 555
355 748
118 868
279 951
997 859
200 268
17 151
952 358
565 159
321 204
302 284
665 192
28 813
292 788
318 669
880 678
697 435
317 88
118 791
865 152
111 809
127 618
107 830
962 734
814 92
519 923
61 811
652 870
578 602
109 630
449 682
345 39
389 987
929 156
595 68
822 14
774 523
731 763
48 108
843 634
171 245
814 243
193 107
434 717
656 991
906 753
208 236
803 983
145 620
10 273
583 341
229 822
458 503
889 612
269 186
295 228
983 691
798 687
430 191
842 410
419 458
883 64
613 131
854 366
128 409
325 208
358 479
176 34
819 17
723 857
311 155
738 38
407 454
520 750
210 669
575 512
794 491
645 467
655 670
979 856
580 620
847 89
623 285
306 245
850 836
144 426
485 163
645 62
391 568
616 583
379 201
304 277
851 358
478 27
847 666
547 797
634 250
510 991
884 326
805 131
576 348
225 740
279 735
326 85
146 894
966 834
353 238
380 489
622 227
120 960
977 521
37 331
228 421
458 674
511 548
109 653
287 478
760 784
156 411
707 768
291 529
206 763
119 814
193 4
657 952
536 665
493 864
866 515
679 343
948 258
566 597
559 311
127 992
555 153
93 52
859 764
277 959
826 198
189 650
236 532
888 556
695 371
786 59
420 229
233 829
331 641
518 694
86 111
230 507
95 714
612 611
457 299
235 149
224 571
539 176
160 24
101 614
430 772
958 896
280 979
566 259
540 65
101 899
974 602
73 983
351 319
198 398
220 911
874 30
499 68
452 42
293 265
759 670
696 456
317 205
942 660
769 574
452 246
543 592
209 4
826 326
795 692
689 172
529 12
820 926
328 584
201 517
361 576
662 299
739 479
911 89
499 208
735 169
754 417
620 270
83 726
450 821
791 82
605 966
856 18
633 273
289 352
922 770
165 376
854 213
448 341
315 862
629 408
869 433
109 226
900 256
752 524
540 670
860 862
895 870
364 210
271 246
986 302
305 506
597 561
520 778
51 764
773 22
344 346
749 692
604 959
123 623
514 865
694 92
961 340
739 503
438 227
350 80
950 658
132 833
186 577
602 441
134 467
366 454
117 879
390 709
16 120
262 113
752 14
497 513
238 729
290 28
397 222
821 650
471 615
981 817
171 100
926 746
259 45
651 687
524 327
569 416
241 187
426 541
735 561
255 216
624 225
395 810
704 359
407 489
547 848
655 451
571 495
118 609
192 674
239 536
138 668
551 640
681 967
893 345
689 677
766 996
781 395
702 243
716 657
799 464
121 719
1000 98
439 156
555 472
437 725
402 999
467 599
760 699
476 865
77 132
261 88
931 161
124 709
449 403
156 971
200 142
286 938
408 830
89 818
971 622
310 54
605 951
407 686
262 658
671 550
870 625
387 985
466 474
954 610
780 544
513 728
724 374
900 526
378 841
745 256
34 25
471 883
783 840
543 438
209 384
88 84
308 193
591 915
74 534
549 517
620 816
893 465
935 795
88 267
29 310
416 771
840 456
818 794
416 724
807 446
862 61
154 236
954 76
764 146
926 798
889 261
827 635
737 600
210 376
393 99
903 248
418 748
343 377
680 66
6 838
650 475
130 520
120 580
574 263
820 430
686 310
70 358
179 152
12 899
360 399
455 686
34 299
774 875
992 698
381 70
28 731
942 723
137 177
577 420
876 457
129 478
881 749
89 6
878 48
592 894
569 675
130 439
647 721
396 477
413 996
110 421
19 37
625 366
33 587
264 238
735 699
602 937
102 472
388 955
656 809
761 542
846 758
4 49
891 760
514 590
275 463
681 821
306 46
154 760
672 738
241 963
74 335
78 377
65 253
861 170
160 473
512 456
873 251
326 927
451 145
980 349
469 220
248 373
123 137
170 382
706 65
50 950
639 504
187 374
160 854
729 561
497 379
742 567
946 183
521 730
690 401
822 609
245 30
572 819
465 181
287 597
159 574
129 186
884 225
976 511
315 61
579 598
601 412
225 231
625 723
199 342
199 803
891 677
645 390
543 100
507 994
314 424
112 828
594 582
170 492
127 936
599 991
365 287
720 344
812 31
964 6
211 581
780 205
535 641
304 411
505 393
793 139
66 728
330 367
976 987
219 264
509 933
884 563
929 284
404 513
107 706
119 130
459 398
477 445
226 597
995 564
869 508
606 195
77 358
591 790
168 336
719 435
753 539
474 873
899 993
360 520
596 80
13 399
727 348
172 502
403 348
641 998
848 418
225 460
369 75
429 575
686 496
412 259
579 712
850 690
174 372
3 980
40 732
703 493
199 449
220 195
419 567
335 665
306 363
582 425
133 753
57 912
87 421
18 948
359 899
43 817
817 750
963 346
684 946
435 545
611 568
413 91
642 364
433 453
767 858
627 586
262 990
21 982
349 704
199 901
560 986
353 608
716 655
247 311
479 768
266 442
928 55
418 124
290 267
604 849
386 59
875 236
689 197
56 783
827 153
242 456
199 946
69 22
299 217
579 790
642 572
52 631
545 487
63 645
153 721
272 453
982 966
813 221
508 616
982 750
557 393
826 248
292 208
62 455
451 321
965 796
423 517
608 564
820 744
695 15
280 943
608 594
637 411
54 81
242 988
162 865
744 997
110 564
190 513
679 759
489 854
631 231
474 717
19 541
665 145
89 812
810 701
473 241
506 750
825 518
48 55
944 571
403 701
329 760
466 679
237 52
110 81
707 167
53 530
827 84
706 858
514 132
756 414
785 251
349 646
7 249
878 379
403 704
837 519
236 285
191 720
940 444
567 6
668 401
800 625
988 263
744 16
664 270
962 912
512 216
237 646
973 11
131 229
823 126
9 582
451 629
412 550
46 474
195 156
479 434
279 193
999 172
502 928
687 418
417 928
943 482
41 215
726 978
257 253
610 743
370 452
402 660
79 54
492 711
162 509
36 692
876 975
369 9
783 603
20 111
90 384
704 768
414 91
798 231
447 1000
888 452
834 474
348 196
915 314
165 455
144 135
934 418
917 548
31 258
835 569
472 863
611 417
42 209
431 28
735 34
292 784
503 926
284 989
616 836
371 4
963 763
945 618
61 249
854 869
584 877
784 518
605 842
913 572
440 670
253 387
558 425
182 49
295 611
838 207
902 78
269 550
725 938
633 488
916 407
932 530
848 754
712 72
728 668
979 341
67 222
445 348
28 331
433 394
828 200
189 600
245 484
468 644
269 190
369 36
31 436
37 815
442 509
623 563
270 624
640 747
411 448
837 572
740 703
815 122
381 772
361 281
5 92
705 447
636 815
505 449
883 160
936 833
582 676
778 624
917 444
287 49
43 14
637 485
783 429
18 818
71 926
865 336
826 140
434 845
858 763
294 852
201 202
207 851
874 524
178 426
922 234
109 403
136 227
111 962
376 300
384 168
685 485
971 370
546 282
340 490
21 122
786 954
894 644
459 607
484 557
110 770
21 306
711 494
934 650
134 58
497 707
458 662
261 873
600 833
462 834
464 777
975 231
145 101
68 30
63 259
230 517
618 108
145 321
570 891
520 576
964 303
623 553
360 372
86 304
781 689
450 59
123 901
323 765
682 48
760 66
547 373
87 212
14 980
203 832
712 856
636 854
243 712
196 309
962 917
128 76
431 157
181 976
238 49
469 560
753 569
310 532
397 441
184 794
590 564
180 171
556 225
420 804
607 306
127 679
517 520
797 362
253 395
298 920
132 429
447 497
767 432
391 970
379 140
45 881
489 28
13 716
155 677
238 620
613 433
902 278
873 143
523 875
603 583
567 127
551 544
542 853
878 630
928 455
360 317
588 764
273 184
472 820
713 539
742 491
121 316
247 987
229 557
64 385
419 836
756 442
80 747
239 110
22 717
187 290
726 273
171 818
380 53
638 603
833 983
291 263
450 758
244 730
707 645
958 611
974 584
277 894
864 188
859 184
173 466
618 704
3 776
684 82
501 504
691 112
365 451
87 36
46 951
521 897
639 271
815 557
700 886
82 687
228 920
210 213
821 308
14 296
898 764
213 23
441 998
608 776
413 558
665 542
191 763
646 717
188 213
452 264
815 736
430 520
847 782
353 755
925 833
84 926
435 260
827 985
132 116
823 239
733 261
690 694
629 575
732 681
941 396
268 384
590 537
971 489
358 119
836 725
544 183
406 725
774 264
852 632
95 10
531 683
207 725
108 915
177 856
44 693
63 725
91 43
87 794
969 620
93 807
375 592
101 605
837 67
997 114
401 294
144 687
262 23
81 58
438 719
173 270
760 969
393 855
256 925
785 44
353 37
689 49
430 750
39 744
96 336
755 655
285 769
249 189
397 573
544 950
74 65
951 473
227 242
752 556
927 955
860 202
93 925
888 449
978 874
994 242
106 662
73 233
982 700
177 18
907 243
823 604
955 620
951 78
199 341
845 437
571 48
396 573
539 119
926 676
405 323
783 176
221 253
982 51
238 713
591 911
276 423
695 295
680 199
201 443
923 579
480 715
401 102
471 191
267 355
287 959
881 71
720 916
344 458
591 21
516 404
121 524
340 717
404 654
932 363
1 930
106 387
474 20
158 676
710 908
570 813
576 929
828 327
953 866
867 911
770 463
772 678
669 206
501 116
371 787
679 514
304 264
780 212
222 324
996 528
644 273
620 737
801 401
561 893
41 67
445 233
650 568
720 671
398 758
352 506
531 615
884 90
306 153
759 511
40 363
190 612
916 472
686 201
65 119
849 538
522 527
148 57
605 877
877 15
854 576
18 600
936 200
222 975
611 569
928 297
484 85
731 854
516 645
396 534
540 880
476 224
626 931
803 327
416 348
852 455
649 2
532 740
536 951
47 923
867 962
670 100
228 503
405 88
293 375
539 82
176 756
66 908
422 835
848 690
440 580
431 943
245 359
562 999
798 84
661 601
173 914
782 329
247 700
12 334
397 705
258 379
605 182
144 430
709 234
251 642
943 157
663 627
866 237
27 811
730 784
796 160
658 472
348 151
160 918
606 372
772 32
703 12
500 699
414 663
233 119
684 320
54 158
603 46
679 200
449 21
583 153
862 99
64 519
670 46
529 592
969 178
958 780
454 133
852 909
812 8
349 735
11 378
267 362
472 767
373 871
285 994
394 697
829 287
848 914
128 913
123 970
493 996
959 146
693 595
732 760
514 392
376 622
940 605
368 498
227 446
81 365
647 490
498 839
302 997
790 339
458 644
367 375
780 216
420 907
381 756
580 618
392 896
357 835
237 574
267 801
840 203
627 87
634 864
946 982
207 208
380 109
556 100
894 474
108 137
366 991
818 506
771 968
597 229
816 66
302 825
906 934
182 39
702 319
260 432
1000 64
604 884
988 961
794 122
492 57
4 309
521 884
735 160
887 931
651 591
306 204
985 719
374 313
977 288
154 173
903 345
390 920
14 277
843 401
452 999
618 765
114 944
865 423
341 550
249 607
446 388
9 907
686 231
24 428
120 38
299 2
905 717
878 77
515 280
60 717
393 133
920 188
167 785
23 517
5 449
192 328
677 799
802 395
955 48
785 691
935 381
864 906
838 290
460 605
15 912
498 201
933 802
115 276
139 224
927 741
909 832
16 498
895 763
653 150
735 305
247 835
443 846
306 154
120 273
706 653
235 33
670 939
561 955
426 433
885 663
826 771
881 521
717 102
423 238
175 974
893 131
799 322
238 133
339 20
949 829
531 285
6 446
402 67
845 364
26 140
655 764
652 847
181 742
995 706
879 167
622 616
882 905
187 879
314 287
587 223
7 543
796 672
886 754
930 917
702 177
68 841
791 227
179 191
283 562
693 815
351 703
354 496
386 973
602 630
834 826
217 546
814 350
77 339
677 708
794 145
12 493
873 658
240 839
423 84
810 69
571 288
197 78
391 864
125 500
50 259
901 84
472 471
226 690
481 596
709 911
44 481
204 510
201 176
751 774
396 48
45 326
710 299
992 493
508 621
163 425
45 706
913 197
244 526
294 399
147 477
603 260
768 61
657 13
623 982
983 922
329 801
329 834
515 232
607 240
850 114
39 612
589 766
508 734
321 309
94 739
965 824
92 602
650 154
209 157
142 361
375 719
373 762
79 399
505 599
335 67
494 417
520 780
815 554
21 176
476 335
639 309
545 353
933 625
424 80
776 344
814 635
627 673
701 823
288 208
417 525
392 293
186 333
818 987
705 188
797 558
495 992
201 164
45 69
621 966
744 862
947 179
637 110
842 415
959 467
642 906
537 90
722 917
287 328
831 405
255 559
795 92
641 608
20 946
664 163
723 102
297 442
713 35
486 544
867 121
259 641
760 264
696 617
699 394
66 571
658 168
915 851
698 132
993 614
521 599
686 321
589 72
321 126
159 691
339 877
461 967
637 364
708 976
519 482
132 372
14 31
792 906
499 706
630 739
560 745
629 594
461 9
551 396
147 442
790 494
759 210
510 379
733 723
632 905
67 346
964 8
62 847
997 108
884 700
623 399
538 460
724 237
188 496
872 312
708 313
884 257
170 706
985 419
447 649
390 258
43 647
906 860
681 752
161 215
452 802
925 268
776 629
472 826
327 768
609 808
92 470
121 748
205 221
942 460
246 234
788 120
16 228
316 78
577 583
137 616
404 25
371 946
510 753
436 415
987 849
54 224
799 611
411 843
978 909
708 891
235 147
79 649
348 588
983 504
1 839
782 530
385 195
352 403
178 605
749 133
573 791
698 863
766 403
489 420
686 259
41 414
873 574
423 368
138 737
137 778
840 876
929 370
377 587
885 288
277 35
870 818
58 71
804 216
962 662
173 71
752 265
172 495
507 407
89 180
496 508
364 547
135 319
920 129
804 743
678 208
73 840
926 427
832 794
342 76
621 794
326 216
578 503
898 647
245 169
233 45
278 260
709 104
311 288
428 805
975 458
46 744
615 226
340 848
144 939
149 354
421 152
766 390
319 891
644 211
669 683
550 335
870 842
549 669
332 699
29 438
29 513
992 773
71 164
847 442
316 882
830 396
890 985
979 699
258 202
876 154
18 313
306 246
305 862
623 618
578 660
392 200
594 671
78 596
296 530
996 238
616 287
845 647
554 288
670 996
860 251
604 204
889 209
615 772
832 687
429 223
172 44
122 344
486 730
12 820
257 148
340 701
129 851
372 211
101 989
225 642
600 376
398 462
995 795
116 741
339 146
349 28
798 592
870 726
370 864
293 380
458 84
273 316
661 546
836 317
92 344
30 295
133 347
860 597
455 170
960 216
275 14
463 881
946 836
716 961
67 133
538 148
551 245
725 536
23 795
543 677
931 907
372 144
91 248
248 590
831 770
17 190
189 338
371 111
578 655
648 998
238 552
746 577
389 675
383 741
212 566
7 801
563 23
453 41
332 706
524 50
94 703
360 497
111 659
250 854
552 988
701 277
172 295
631 12
561 361
349 27
340 31
180 510
819 609
525 992
271 261
125 76
384 342
746 696
7 994
775 181
261 348
754 92
95 4
585 189
370 664
975 704
827 511
402 559
371 985
641 177
655 379
127 320
733 308
971 494
226 737
827 687
370 747
498 589
377 123
178 233
302 673
220 687
785 40
731 54
750 769
69 796
39 952
659 234
220 11
486 991
670 516
911 254
844 665
283 215
101 37
608 197
832 719
420 203
609 364
565 367
914 395
120 556
893 56
403 663
81 478
497 370
966 230
939 987
29 267
178 17
245 492
482 75
397 676
993 814
362 603
674 86
869 357
119 745
206 124
459 444
182 925
206 885
511 969
167 718
532 783
287 43
309 459
480 950
695 791
470 557
495 477
171 629
865 50
477 194
703 19
461 453
330 111
734 612
519 203
268 647
992 57
4 814
399 713
85 215
656 73
755 515
782 200
961 235
238 745
678 459
385 577
28 510
503 783
250 725
109 335
2 281
173 147
752 257
97 533
823 551
308 723
789 422
82 618
600 550
406 393
703 211
358 9
96 993
737 289
855 602
215 187
356 72
618 661
775 208
949 91
591 79
89 650
599 817
327 391
264 185
201 694
472 137
955 662
300 295
170 175
357 872
736 488
534 822
93 981
896 480
430 345
104 491
841 915
699 821
506 362
900 302
948 631
225 941
953 93
997 873
60 286
173 419
326 574
599 106
107 510
680 261
177 320
171 194
263 368
705 690
127 993
581 618
637 338
849 518
475 795
104 860
389 723
394 348
595 514
57 456
101 45
266 648
424 793
3 680
410 331
675 554
884 531
107 845
678 672
667 487
949 955
699 210
792 138
599 129
758 256
916 677
237 788
586 993
264 145
908 223
3 807
522 96
718 885
661 653
644 13
349 205
212 208
809 199
421 951
712 994
100 524
29 5
689 562
919 617
657 535
668 178
177 170
11 148
618 412
709 516
362 45
278 167
548 385
604 284
918 887
33 947
627 999
559 500
151 336
867 665
947 399
408 966
512 734
327 667
925 554
204 258
202 5
872 951
56 292
25 636
739 354
254 282
185 988
830 892
996 191
806 707
541 437
210 963
787 184
509 361
7 58
136 742
255 23
778 387
424 929
621 189
547 997
537 625
966 220
181 701
291 473
240 667
247 507
250 876
416 165
661 752
191 681
918 564
696 62
902 938
754 294
250 86
1 540
394 98
157 582
344 1
825 877
885 822
611 25
100 630
14 754
78 854
62 210
663 656
829 451
353 688
222 305
744 842
310 755
338 959
762 339
135 397
781 652
466 44
856 84
972 136
529 476
284 235
984 414
47 558
250 945
956 850
101 179
23 388
972 860
625 888
500 231
282 802
815 810
511 491
898 976
659 460
633 479
176 762
653 388
681 377
872 562
261 866
203 184
487 480
740 500
979 930
83 282
914 872
273 265
37 792
340 291
784 890
602 91
254 839
469 59
491 441
627 970
214 180
176 106
37 2
143 667
360 358
30 590
992 42
229 476
784 675
682 590
968 311
11 370
482 291
567 616
778 205
825 181
520 705
153 689
762 262
17 353
886 543
154 228
180 319
244 887
305 648
726 498
796 532
784 105
846 274
222 150
566 957
406 50
379 115
500 960
603 219
171 359
170 908
152 672
534 639
554 940
791 772
107 467
836 894
922 55
819 945
720 556
346 117
593 487
33 45
127 150
198 644
987 392
462 314
79 322
73 281
752 155
806 940
396 716
542 217
297 765
572 319
652 587
179 427
315 899
805 299
366 963
185 631
22 44
691 946
268 439
731 325
584 628
704 932
563 773
842 804
776 528
163 286
998 419
920 344
938 500
984 227
699 536
588 65
946 459
967 269
876 796
846 447
709 800
316 485
66 148
941 269
132 431
449 248
250 769
35 223
590 301
112 870
233 796
127 397
498 983
127 103
422 46
666 664
118 417
769 639
152 857
581 914
789 523
328 529
822 74
532 228
692 851
943 727
199 332
549 82
914 830
648 50
190 174
200 540
863 908
987 970
886 965
406 192
870 11
244 685
271 164
574 715
26 253
620 168
89 400
694 120
194 521
154 837
442 555
231 999
950 349
296 481
641 866
949 298
634 807
571 798
266 243
495 806
747 478
897 99
249 684
727 117
708 619
3 387
414 256
70 787
172 78
664 278
145 72
231 384
453 494
933 806
587 1000
435 550
891 32
178 571
685 579
952 591
513 793
498 447
422 944
530 736
320 544
276 82
78 597
440 427
534 427
866 414
779 436
390 394
979 610
17 540
668 97
79 314
334 30
744 726
714 253
143 838
621 471
10 276
794 500
31 355
371 93
138 258
643 76
868 998
744 678
717 339
464 467
599 977
670 327
807 828
126 274
443 869
395 654
165 705
327 771
909 619
137 792
878 555
908 1000
47 856
193 434
768 34
688 470
262 606
39 673
297 363
124 850
141 57
57 3
942 815
611 802
992 653
936 931
627 865
246 776
317 586
521 210
239 891
257 917
64 747
115 386
32 863
347 8
349 110
917 56
169 366
108 764
882 802
203 260
44 476
473 941
857 491
139 41
395 996
183 977
372 461
664 309
753 349
400 991
91 228
118 818
607 460
73 202
574 487
487 921
409 169
80 983
789 255
716 603
191 357
907 220
636 737
685 360
10 102
548 977
58 836
628 843
647 785
775 170
449 765
57 936
307 319
960 227
778 617
986 192
80 625
417 732
699 836
164 44
407 688
877 513
985 734
266 83
238 913
1000 876
950 356
157 657
907 334
650 258
389 48
689 479
659 1000
415 442
152 146
138 322
785 388
589 731
677 505
557 596
344 804
82 906
880 344
186 171
879 542
823 217
323 142
513 72
797 870
441 658
678 35
191 134
592 863
873 593
380 57
443 804
932 707
363 889
75 961
914 105
24 27
270 986
48 814
580 987
115 406
331 582
955 764
74 258
494 93
793 536
95 5
691 722
402 221
850 764
657 420
165 863
912 16
71 971
438 875
523 843
399 339
644 614
170 444
928 139
678 868
312 425
2 698
221 496
317 892
870 530
762 192
797 451
283 285
700 729
546 478
439 331
154 226
371 8
142 645
680 4
957 798
565 224
630 386
242 818
940 615
278 43
910 258
387 764
278 327
723 127
419 200
314 798
46 642
598 174
549 730
209 816
911 320
783 837
772 195
298 158
682 174
17 386
286 657
748 734
195 848
211 765
647 680
516 800
575 527
629 836
571 566
669 963
832 663
337 698
682 157
974 310
246 298
58 263
104 542
373 123
952 832
279 113
667 634
166 910
824 747
810 881
42 817
553 873
601 662
163 542
87 538
352 874
671 22
403 29
745 493
377 711
169 894
128 781
443 440
836 951
336 734
274 153
614 205
433 213
941 657
888 17
46 784
753 907
493 311
733 591
543 901
192 432
405 126
747 493
96 896
369 786
492 694
138 93
154 963
262 301
614 959
254 760
672 555
385 818
891 566
584 377
384 265
145 96
207 735
680 993
138 885
704 496
259 284
437 258
980 628
787 989
584 42
762 891
541 197
454 432
921 207
712 827
555 717
885 924
913 760
632 188
718 21
325 798
673 718
749 179
629 168
447 752
445 68
836 878
156 324
763 783
113 974
851 547
475 890
933 2
705 100
555 902
150 973
931 267
644 357
721 468
82 370
34 551
315 657
566 520
352 912
352 111
885 320
348 864
56 79
187 512
167 202
474 893
164 671
638 848
396 443
832 744
638 737
627 75
209 67
799 552
334 957
865 109
548 53
508 447
417 799
168 738
609 812
731 526
347 948
261 770
279 163
476 692
637 240
646 118
541 143
111 300
612 936
838 470
393 737
709 358
645 566
849 225
442 908
273 119
424 494
536 942
537 847
546 514
131 750
42 74
643 56
788 738
873 578
145 619
247 711
312 822
899 283
198 958
593 981
235 269
582 740
980 917
702 318
791 408
458 622
28 124
414 353
397 146
266 511
927 124
136 508
642 330
745 51
653 374
426 967
59 188
615 336
641 795
881 553
295 747
670 498
470 369
492 845
138 615
671 536
104 41
249 409
835 252
774 455
326 452
451 133
790 508
301 686
159 184
523 110
923 148
403 719
982 980
357 232
410 321
866 911
150 812
155 451
139 462
275 539
820 704
287 747
780 896
731 385
560 935
835 1000
353 566
14 125
95 868
426 480
156 483
26 123
180 77
520 917
930 603
947 567
487 864
992 204
309 775
79 16
606 417
157 239
496 668
660 677
86 652
690 955
840 59
641 481
871 51
813 656
103 691
830 548
534 210
243 988
748 752
750 806
287 326
122 935
98 614
267 331
158 609
715 357
566 294
631 816
341 80
742 553
922 479
5 826
83 901
93 51
901 790
858 320
637 269
202 774
928 764
742 445
726 623
895 383
205 981
515 474
566 174
898 6
39 676
800 201
827 967
444 888
684 708
869 714
432 799
902 524
974 679
33 686
333 155
112 555
785 250
366 799
724 184
792 90
78 262
249 527
965 261
120 243
53 13
772 466
185 907
126 993
728 408
465 391
458 529
583 481
366 325
626 710
649 576
109 298
102 959
787 920
193 60
825 753
692 965
18 291
860 126
57 255
203 251
552 251
690 907
993 377
852 941
579 730
186 984
63 954
406 163
589 206
88 5
822 966
531 310
714 239
439 487
99 503
333 194
373 392
421 912
551 643
997 867
24 226
110 35
659 81
949 806
393 325
864 599
667 956
684 497
803 162
560 42
408 719
547 73
444 613
343 412
421 166
62 825
745 825
948 404
117 453
250 409
912 417
891 5
873 367
842 16
909 977
992 858
637 117
125 234
679 929
478 870
892 246
799 237
951 926
280 945
199 157
513 3
986 630
396 219
124 173
678 423
290 929
466 64
181 19
171 734
539 428
158 477
749 537
943 71
995 438
507 53
523 428
274 550
879 761
194 906
886 698
95 613
315 875
521 723
36 855
835 825
848 669
999 420
650 253
251 412
891 318
616 450
781 655
958 850
25 837
708 454
379 404
770 506
442 102
903 868
280 764
935 617
492 794
994 913
525 510
181 322
4 578
723 141
877 579
770 558
289 996
729 161
919 369
27 728
34 904
226 259
65 595
569 808
61 27
972 823
217 850
964 121
768 431
999 888
260 762
947 616
733 323
499 787
749 789
426 260
582 184
269 73
552 436
894 661
577 43
208 675
205 103
117 304
541 526
444 513
805 94
441 557
589 479
902 929
720 721
752 532
974 400
288 744
846 559
318 380
476 899
106 244
550 126
660 236
784 513
374 685
815 632
518 382
915 549
242 254
286 368
629 869
674 642
967 677
383 586
552 7
796 890
502 834
459 235
282 89
143 836
212 11
461 526
657 668
134 924
638 215
442 953
369 452
547 171
720 971
471 671
390 686
383 430
150 106
802 148
62 770
628 959
672 418
546 326
41 700
541 788
458 85
281 657
178 629
880 709
724 442
801 60
622 643
334 161
524 444
804 55
773 901
99 125
50 175
990 871
328 311
490 390
100 559
366 359
610 620
740 844
695 71
178 440
427 256
161 460
435 890
716 63
916 215
36 693
743 165
326 269
336 474
916 165
350 319
335 158
346 491
40 441
615 652
667 970
585 849
324 143
47 672
694 630
221 217
623 515
311 851
413 304
808 91
770 37
844 938
301 194
598 404
117 847
432 951
854 946
173 952
722 859
526 142
418 679
48 393
181 315
825 494
359 207
755 529
659 730
852 437
987 895
32 282
755 180
993 575
80 633
775 480
990 964
955 354
865 214
821 590
28 516
296 657
162 393
757 448
345 651
3 469
57 318
573 347
553 296
631 229
731 666
499 801
306 717
