100 99
13 73
55 31
76 8
58 68
82 33
11 75
50 36
21 42
10 90
69 71
68 9
57 53
14 67
45 55
24 5
50 74
16 95
46 37
35 41
22 65
75 64
92 12
26 37
61 51
92 87
14 44
100 58
71 94
19 2
7 63
60 63
30 24
13 70
56 55
78 28
40 97
96 19
58 45
13 40
20 21
90 64
9 81
99 73
60 23
67 7
28 83
27 4
71 12
54 82
77 21
97 36
22 31
27 62
19 43
66 58
99 79
73 26
79 83
76 63
53 94
19 67
51 52
66 86
95 75
6 76
98 93
17 99
80 66
39 54
50 92
62 54
91 48
48 69
87 88
52 29
3 83
12 2
47 57
84 85
59 95
25 15
52 18
39 57
24 84
44 38
1 20
98 53
23 16
72 67
31 41
30 12
25 61
32 24
34 69
89 6
49 23
15 22
42 52
80 84
