905245307
1417620819
1216467880
1890377090
1619079013
1165043217
3535631016
3285660659
2510162616
1106088805
1534689627
2263424625
3423880023
2956841905
1991715171
2175969699
3528308486
4030080522
1713517377
2978429727
847129236
1196094586
1122231318
1823141725
1455582480
1095480603
2693784279
1583787072
3389648445
2208729538
863212105
1305860226
3022214745
1539150900
1445088617
2152274924
1202072531
1440323570
3472312605
2633983044
2234358904
1468992840
1547283234
820428905
2236858341
1606669688
1898695152
1505015345
4240989106
1095906971
1483813580
2587201044
1014904956
1145431160
1746808820
1263350620
1187678430
2006939429
2596867154
2224780874
1820597622
1108019250
2485827387
3073462206
2115252105
721806705
3164712493
2243324733
2513290794
2987462184
3732856540
1195640179
1284796292
2644021770
1413946989
2930097835
1203976048
1973256149
1725329883
1251235407
1957809315
1554795130
2534777550
2453181899
1855615272
1898582037
1389960123
2270879198
3284938325
1911796634
1608966942
3697806413
971437190
1102518597
1919530789
2021519952
1215290166
2140529220
2875941410
2283212445
1781672668
1864025845
1836181828
1458262525
2926814583
3327251855
1815080641
2016654369
1529877594
3939176934
1285076340
1468023341
2565937794
1514924646
3912994955
1659907179
2060935503
1710418812
2829205461
815936970
1426333695
4157036898
3313447179
2427323625
2199777532
2856141599
976416427
1493640267
819052145
2981306775
2295177549
2481342110
2391885405
2513224711
3305864425
1701286503
1749921255
1219582246
3017131422
1969237095
1619836035
922122686
1821925105
4045395618
1546650465
3155722507
1660569140
4070699515
3444228970
1497239835
2694784055
3185838055
1841411028
2057626317
1329825994
1023027204
2474409290
1518788961
3799470855
1761454005
2691287559
1730534784
1425974901
1778440685
3096681890
2076264570
1879541601
2319353792
1578930945
1686511140
1341751875
2145712635
1841741907
1794149621
952752353
1153676685
1094849445
2278511465
1725074219
953749215
3091557663
2267787561
2434782164
2948790250
2671992681
1368565604
1852191565
724346217
1806274383
1972513090
721142403
1477969425
3675563102
1554280183
4101259740
1661370455
1209217744
1747026234
1864327828
2629204998
3419339154
2961460227
2794062777
1801990795
1406995300
2662932538
2484499521
1428778372
3534066450
3905094105
2546854332
1247812205
1924467588
1726469060
1480221710
2323911744
2351052455
1566161223
2147850925
922678273
1739836530
569192179
3339525164
1795513203
2855871359
1952558123
1447311560
1537000355
2615331852
3039993165
2497519314
1591604070
1741720497
1415655135
1800526310
1863224678
804626334
1578442673
1186551735
1527522814
609455112
2593580363
3616735138
3365479738
1536180039
2955830774
3422012795
1547263022
2374871610
818828287
902750776
2426830804
1333715376
4047986741
857460755
1536267236
2586907230
2084442000
3075954453
1441996875
1127768230
3641598601
1111822535
2411826760
1033849575
2479461480
1901829003
1676504229
1966055371
1853984181
1418634720
2335537545
2483416330
1116608276
3609739791
2304446678
1480961388
1464250128
1395749190
2142332185
2052423952
2681057778
618898641
1760042435
3461056885
4021349115
1229827390
3302098956
1026271168
2025856242
2129342180
1154154267
1050035055
1741572123
2023664481
1970643609
916521001
3863675248
2353674465
1196072960
3381906604
2639571696
3336646592
2935385041
1148995414
1781863290
1236791668
1742848251
3689037995
3406236493
3389759595
2905166042
3032143900
2273850747
3429952746
1569794046
988475950
2032138381
1359009119
2593380495
1883816903
1419349475
907162914
1805576919
2104082140
598481875
1135521295
1667306961
2469875179
1264120836
2492987307
2622437646
3577153272
2237045796
3468326190
4033871655
1315300657
1976055141
1888652612
3069907065
1234732920
3432570873
975160098
1909078787
2318441538
3125432860
1235442823
2480209395
1698349605
1256799264
1440586608
2071230335
1560949530
3250811445
2372069295
3002303898
2266512801
1970400194
1534624784
1757893578
1782502700
982838644
4038867690
1849723215
3383546595
2193177632
975494001
3328929212
2581060503
4203224069
2827379502
2355142677
2322874367
1020745435
1971832405
1593016404
2774216637
2659662201
1545885651
2323947205
1014188205
1151328504
902799564
2981405805
3768750054
1261658359
2199168780
1737128883
1141568463
856557075
2856759703
1964912499
3507382080
2664801124
1929902810
3739499599
1102740380
3675774041
2682900633
1925554576
1963683546
1486412893
1958884310
2407155495
3604370786
1218215757
3793292150
757004948
2412740784
1281730838
1144657347
2875226241
1718187002
2432931243
2456245461
2263341248
2785419364
1796562445
1621573660
2191534989
2642791760
2423329040
3418436859
1287960768
2942687455
1718196007
1931687780
862793679
2512312065
1122155511
1302965805
1531556985
2385189996
1868822826
1327119749
997495778
3674751913
961646255
987789096
832635910
950212423
3103155904
4144898585
3590008764
2022752993
1185886855
1753260405
2213181164
2050416816
1126532616
1947506660
1495766826
1494648542
2380962328
1385232081
1535788902
2486924658
2256939813
2199531689
2553312181
2314580325
1246869779
2498253065
2308064430
2051741315
3213128520
2813082627
2470493005
919809330
1368824555
1989871191
1418056730
3810542901
2572306275
980789301
1307741505
1163133300
1560293456
1700702007
3209140463
546240660
3083387400
2141465616
882853230
1636306896
1291742494
4180847811
681912560
1941658809
1311457907
1452579063
1077127597
1778859546
2417712713
2559221149
2591989221
2366579727
2163354379
705505031
2560802209
1255178253
667450172
1862040265
1081961454
2838932679
2037010572
3302817105
2023391405
2347781040
1656192912
1730842015
1739234799
1574791030
668425980
1880925304
752947549
1094192057
3102747265
1124967939
1168578129
905200065
1743040925
1487351681
1753428492
2224798532
1085565980
3229912875
751911508
2194053603
1988552958
4174028006
1559748480
1296854085
1686754713
2463228942
1029861021
1273431665
3354932096
2121408663
3276047181
3463607061
1607051853
1168009195
2159009656
2776398363
2467489350
1360340835
744090333
1416421697
2552307660
1512721896
1958803335
788533507
1580999700
1526849205
1949571130
1218434358
1699743714
2773407045
3394249530
2902921497
1351524912
3684165667
2994105145
1155566064
820551837
1731833796
3423230760
846122156
1675070175
1289822100
1732621130
2461550154
2629079270
1441497438
1066127646
3249342275
1698421137
1379151609
866143725
1197693117
2855607921
2485116645
2899737960
2683854263
2876687860
2470157268
3767932500
645079019
1371944325
1725353093
1160908795
1294750006
3116883560
1394660681
2409038723
2513150754
1466867087
2409925175
2753245077
2124291680
2279285114
2612874120
2184111170
1868661192
1248660972
1177826448
1281572485
847260502
845838504
980457205
3915659643
1935640186
2616333405
1499715553
1938617800
1185958350
1455629259
3751919940
832064370
2115805965
1927780806
863510820
1110029440
3145628731
1364614203
2560556540
879832195
1598295000
3982569591
2211228855
3249695922
2510656995
2144485033
3789502955
1811849375
1175276543
2398153284
1024229470
1751630048
2273714205
1817098430
1424029481
2718320550
1701788490
1818772748
1102010334
2655485406
983765109
1157606471
861034993
1406171305
2802004716
2810791921
2306909380
1843191445
729497505
2138342119
1233903750
1684367720
945855468
835507552
1377241016
766618713
1696774145
2023165599
1803892650
2919879439
2726441605
933727928
1534481879
2082447860
1375155835
2929573380
1335868610
1966164477
1096561993
2606955609
1757261429
2668477672
4109775802
2113649208
1884470351
1329486097
2608722727
1275993663
1530626283
2069332256
792963997
1423773573
2550170469
1145365118
3133716715
2090789540
2435650098
1902332012
1211311005
3009523495
1498420101
1073035050
1801648524
3833968305
2318764980
1890530070
1359111075
1311808637
1624677995
1787252230
1772610455
887458425
1741795089
3219969774
1848667218
3255428895
2339709171
2904861390
1419520509
1294310281
1680506346
3392873801
1966700776
1693060386
1594180267
4013126255
2494415865
1897013730
1795032954
814801278
1319281898
1400028179
2074789485
867379405
1504218390
1619179993
1233103263
3210231860
3061007476
2873775462
1121206707
1806195251
1618610050
1626691320
1998024485
1154290729
1050726684
3443641431
1682949015
1998434013
3980364549
1488733605
2314810806
3073415619
1965203207
1893171175
1669597118
2867873819
1364802225
2091603633
3837882699
1263315984
1569643937
1405941621
2606976807
1734630342
1676614812
3244462210
2096692080
3477956895
1533804030
969983679
2041389276
1761324522
2418638946
3032740646
973848876
1710780366
1389670070
1732676100
3139967780
1476768509
692106170
2106287205
1997163926
1523394104
3371724756
1723924670
3498373095
1889896590
2569399575
3736604844
1367341175
1167077761
726895868
2479602969
1603690450
1153313490
3611461434
958798048
2145387480
1539430520
1088237722
1052472600
1835108487
1682839737
3141263457
1437411408
2227347977
3844825338
2982704116
1831324372
1336729641
3096269880
2330222090
1675856310
3159475057
4013694037
2028614377
2363483217
2817121795
1326542910
1366685395
3171458602
1483130455
3233753616
853298259
2931280899
2846850376
620932400
2875017015
2395789264
2288875993
1467926977
2276296549
1865815098
1407410378
3846221803
1518332885
1565249036
1286679642
1360883467
1501186425
2398497563
1095468582
1140650565
2728428918
2220556505
3319699888
3459655221
1080584483
957875226
1506691011
2740338951
1871624148
1900409315
1783674494
1126059790
2420935836
4125339416
2013024345
3584598114
1402293303
2112055454
2785808410
2139267192
1660917555
2646836319
3258029052
2806512895
2712047577
2198397255
2290429680
2876862611
859736105
2513853380
840814475
1687117280
981397503
1334604366
2131713920
1085046063
2265010809
1820127078
1113871225
1621197480
1521288990
2922619595
3403317831
958306482
2787096722
2814344170
1082696333
1660207893
1875510311
957322620
1191415380
962015180
1482380313
1885073533
2064516405
2782470683
2753640180
2035668744
2543808017
2576875114
2476093244
933630309
1582791553
1155241373
2005107223
1744931985
3045687129
1652556847
1570866802
1597476954
1478189144
1017370662
3943269555
3069669089
1700550555
1782295025
3629621938
1994592201
907286505
3630192258
1674000923
1434356820
1083468817
703313118
1573854920
2867484204
3114153978
3211493630
1453766304
1516373995
2667892227
2466769510
1863751582
1994255468
4375532896
3149509893
3406555080
2315941383
2581478151
2390577198
2169768985
1561596270
1469744991
2501630415
968226489
1686681489
2375715485
1625843992
1956496680
1788569937
644634209
2614784020
861207326
1604601526
1764421116
2039035790
2913537632
1272070979
2995599315
1468170561
2472121483
1395573320
1860579783
960867413
1934476043
2448447190
3568901243
4192521774
4028335422
1713954108
1648197180
2088985760
1190614208
1034723178
736615473
1666162390
3433015905
885294672
1698759906
1269896628
1356938010
1720078890
1471095228
1854499627
968770758
2775455210
3330193530
2465443620
796512255
2889799684
2975349223
1483471605
2116589125
1564676247
2179131425
3661730961
2245848964
822418560
2649126473
2166758434
1916155069
1215022389
1907346837
2676209397
1244138905
2958358483
2012132340
3246475758
2203934400
1608855539
3706271052
571569698
2938238827
1410800538
1736732058
2176106918
3480751505
1226007930
2071468924
3604173021
2570308775
687525636
1266932197
749065060
1339935549
1474370205
1810129695
720452593
1806043703
1464586331
3117142454
3453532226
663423019
1156266615
2647142817
1132209681
1753910130
1654682175
1458740427
1655493459
1492078714
2457617666
2868518669
1585245307
2588974185
3026561521
1505634956
2258829159
1554054385
1090924070
1544345432
1546423771
1446748984
2144863720
889314657
2524085080
2188361848
3021514183
1006045078
1158523093
1319034500
771199745
1708880380
1189395850
2388957513
2013917431
1140750312
1581439860
1695312852
1922200119
2749670891
2073999890
3414465715
1157338979
631243132
907092592
1115530615
3915737950
1807447820
1480324881
1636854249
967679353
2251416840
3855306558
1383841262
872342300
1648226556
2675100967
2102970555
3619784046
993482520
1454963514
1474676699
4417327782
1369263420
1719971405
2624030682
3666126914
1646511240
1052344395
979907709
1266623995
1164790293
1503589770
2129376891
2006107809
823447398
3374124397
3034855474
1166243957
2602779249
1426432718
953559532
1416874479
2005205257
726971658
2302250555
1152322584
3900972307
3015478821
926910644
3123101688
1297555938
2372813883
1575965046
3902348330
1456238736
824264276
1668808119
1861364310
767130439
3366677814
3129098878
1532861165
1037980935
1356363045
4091944575
2232610380
1244002053
2813952528
2241538488
1616329980
1264531404
2449084638
2136637905
1274640015
3274550335
1762011789
1675557020
3450554826
1632974730
1011260376
2301801489
2326640847
659018655
2855871359
1264964379
1061403562
1143069765
2159936421
1924343280
2739824978
1865590291
2971953686
1196107080
1374113589
3039334706
1003866373
2313541093
1166450388
1114892338
1169716955
1996211104
1199158153
1634094423
1503214251
1174708271
2775302439
2480345670
1262604110
1245698895
1990651824
2103288754
2114897409
2521475021
1213912746
1027747097
733681218
1378828539
3088844730
1063838936
1486915087
2362660899
1221884616
3927434697
2582807425
1919968008
1830896937
1305426009
1467126969
2367156077
1583516120
2188960866
2392515615
711423195
863234295
2639041125
1917982455
2705485228
987665587
1189080348
2065202583
1855567305
3926555220
1770317782
3157376646
1803405996
2791170754
1931547310
2119734930
1213477713
3008719725
2057589303
3342746925
2550858450
1831104373
2731229772
1939512960
855002058
2199875496
1758886830
4153649478
2705945793
2832059205
1114146015
2920060628
1893632322
2992331496
1184207910
1299075386
1215448651
2511064248
1738105754
1692418631
2596010256
3458501244
3589173510
1492045548
2272273074
1160250784
1096936645
905025828
1490704329
1564400134
1773269302
2319054495
1729862414
3974411300
2286989010
1075027975
2159971217
1260385390
2337576445
2049577530
3301714424
1068502572
1771560850
3308843079
4105780440
2611988175
2966284574
2422020264
3429048914
1595650855
575209444
1584841554
1888180475
2441380505
3938263070
2562990591
1340961333
3475699545
1219950735
987216356
2788928919
2412110955
934810089
1125525170
2103048910
1083503568
792966645
4246742738
1197354582
1227156363
1397477527
710169120
4215294160
3320947377
2827574871
1024814634
2409225358
3285330207
677577057
960710408
2650592465
2014136259
839879712
2664344634
3598057326
930079176
2227163868
2050677051
2391981124
3118975711
881375675
963186000
1100395039
3523434350
838378230
2073664955
2545643234
2042182236
2588773670
1651498112
4290237365
2083348293
2045697216
2735778255
2034074868
3571987010
2156912456
2230429400
3047046335
2607980730
1582846101
2020972128
1812072846
2469076005
1644389925
1101136830
3327454477
1151360106
731887170
1855025105
3186336725
1244434175
2401301645
1676101064
868263507
3218213340
1185745875
1534317533
1680246270
2596383768
1797781713
1022585073
3979594599
1397904994
2182715338
1858857693
2970224895
1269621591
1400484141
1510018020
2722683201
1394222555
1210667535
4011387100
1661922763
1591977255
1594433727
1934174438
2270757025
1809181097
2655873528
2156580780
1982708965
1118158305
1235434435
1351833420
3229880857
1600746183
3609356064
2179691770
3379126695
1527723588
3219734406
1720687316
2124914351
2509402632
1698687820
878533971
3650387030
1782039732
2532222301
1547624967
2400783730
3631155619
1232660520
2955185466
2763534543
2189243355
1009838249
1844489380
1079898372
2744957754
849557583
1104953451
1445119155
1002252966
3011621250
2962331174
1978479195
2113402613
1069435405
2260600260
3171164092
1239656599
1715044788
1911636605
3417273819
2428973937
1922698163
2438517784
2337226926
2796561521
954044396
1627762990
2029048888
1321983390
2806996845
1576215690
3536774145
1876586587
1330185105
2003052094
1695921175
1919943281
3482308599
1050632539
1373040921
3030722302
661306367
1086898965
3839502289
2116611078
2624129130
1409791291
876192732
3580639602
2387606460
1508388035
3535068605
2710852129
1149490918
4500844446
2338828109
2527236310
1690068575
991346343
981522654
1645275030
2544393039
2215039623
2267198736
828110383
1480627995
2235184258
820124075
1759520455
2087031767
1293694433
1935744230
1750090580
1843373256
2374521202
1776062928
2566031180
2666625738
3057786800
3940700302
3893494176
3210715284
3584093400
1054350836
3129818351
948227720
1388195740
899972843
2207305506
1342861746
1355831085
1650386885
1181585475
1723314129
1520648502
1936933494
2013296945
3337707314
1727354519
2315286483
3396584702
1488503850
2229855969
1220572752
2732547086
1714057962
1817013637
1305537834
1245630816
2141295849
684046790
2334242220
2250085874
2895898006
2520054771
1846592665
1119012602
921885339
1547051680
2927539615
2765856378
1017671731
1599958635
2858609985
2770079228
1266593274
1397057178
1994338535
1294555605
2670217557
834805926
3072800423
1371428385
1123050390
1569199866
1425509883
1444318323
2469430568
1425809770
3318080978
2696183094
2473665159
912331691
1758391908
1966916145
3622685654
2300547003
1292709933
1221517143
3100544234
2052460625
946351998
1253400078
2561264595
973242237
1909561164
1375037592
737835252
2047801511
1477232475
2862700589
1545746695
3561826938
898336404
670996251
1389697069
1348165340
1827833700
1392881613
1366469112
3158913011
2383605492
4030837949
2642856039
2564278915
1753582348
1468911123
994995475
1642025990
2190900794
1391403717
2773123395
3543370308
1584672085
3623742430
2032543205
1673083059
1264145244
921262992
2131586188
1468108832
1088914826
2686224155
2261349783
2633834921
2606497284
1363039068
1956829099
1920996180
1238954253
2304748919
2297914077
3376972071
2208772489
1726858690
3278863005
2548123985
1464515628
1426572433
2531213747
1983938253
2639571696
2126345435
1516301817
1616414919
2283922980
1246529676
916864566
1061722380
3403086492
3279354589
1298930593
1897516471
3591388922
1567903710
1523461902
2271798188
3552176315
1685153733
1932268882
2422639989
3522146850
1746104118
1249437343
778007568
1579476209
2564319014
1467183453
2596499200
1662578475
2163557144
1505133166
1592505334
1394493254
1970909855
3354939134
1666408695
3511310066
1674737470
1724563575
2224663483
1565082794
1455977868
4048023921
2428283670
3213006902
1228329859
2623265189
3276125267
1581898347
894599079
1516337745
1825052249
1522336417
2441244212
2882033385
3112228227
3155192262
781123180
1379464251
895156402
2061447297
2327311654
2602990466
1615970050
1055204930
2118024095
2747385247
2250208314
2091777939
909771772
3134727457
856666875
2854513965
2476022396
941710179
1375977537
1758379800
2581046375
2362726898
4417171200
1731606975
2590593170
2460628889
1788837663
1221892495
1583614402
3054633857
2252358771
4075776310
830909205
1399789265
2815510824
2003146898
2158199104
2213440737
1857043242
1343672444
1840130592
1481225585
1573319141
1048887149
1893652815
1513316560
2907891013
3913715256
3306240528
1335282487
2510070229
1274194507
2810285205
1308857375
2546172090
2007940277
1335551252
743992305
2263166169
1691437661
1972528541
1357995656
2044911077
2376262555
1494062232
2345091731
1530946032
1064765867
1124920154
2999931444
749447058
1767209703
1608712932
2506198090
1440442102
1470618642
2133303085
2667491890
1291202283
1445001492
1466934840
768068297
3219179601
1414602299
2162792334
3146066277
2215062890
1453220363
2376522128
993366927
1256900145
1515518258
1456269156
2532946506
1402356780
1190623161
2399795213
3558210135
2464146011
2997368766
644974275
3644576573
1889820483
4040133598
2233431284
2522574630
1505381955
1648994676
3291251710
2191077196
923978370
3760714762
1981697655
2668331477
1520369070
1097281621
1553295648
2229243641
938829286
1956543626
1428629832
1586265666
1027850289
1806182250
3051244098
3051451916
3012614571
1541257459
1996159422
2550366687
2047819026
1434231861
1973379373
1223320203
1989523004
1547627196
2698611111
2481541900
1060089583
1826362909
2869159848
1709792475
1337652400
910827915
1777390419
2890572718
2865024867
2096531710
1619915760
791977356
2207086274
1447295334
2176002528
3783239010
2089977471
1362444720
1683585199
1227861409
2496160030
1653670075
1359718701
2272678373
2068149189
1697194308
2693693805
1712059098
613252529
1644418405
716544976
972476639
739412459
2795199477
2986294126
2933889881
2123272207
1601351505
2314343248
1474097647
994812486
1250836537
2295214080
3747133843
3089882429
2644923310
1376996649
1047659365
3010603630
1527834019
1689083942
3427811067
1217838930
3216687684
1410759576
1189250412
1501157130
1758644553
2747243940
1675439705
3067596822
3024559244
2112619318
1429881213
2610377313
896858802
2183134860
1978816728
642906033
889017235
2588320384
4387566806
1352005968
2054812914
1046101434
1031230872
3078134752
2069235040
2842101123
1480860258
2659884744
2487757390
3386108091
2251520969
1638266250
2190804120
1977988432
1374966294
3239903931
1853832183
1901477039
1037165460
3988093430
1706810811
1533797187
3574197195
1535177611
723379557
2298119880
2036233944
1011636045
1524229716
3577188874
2487421466
922818589
1365402977
2648692221
1899511047
898885336
2331129460
1600746183
1497642783
1387841430
1427742722
1623896356
2576902306
1405312440
3676471453
625242834
2963745555
1188940569
3967283485
2386224197
3464931591
2329926687
1289394550
3640951674
1928087395
2024870934
2882730185
1013457813
1664334858
1789689220
3881890165
1633451840
979003916
907160394
2169934417
1758950600
1286777929
2968931830
2625119973
1499008905
3636527337
1780488654
2472580097
2344682073
1253410917
2629284840
2207462868
2337959206
902815851
1678828592
1585094338
925958625
2822808527
2387002645
1751624594
3782287224
1416266637
997409345
3741753287
729826397
3191334225
1088957485
1467960054
2081774054
2190798692
2488463640
1169277357
3708632095
2224567720
2603998733
2354706312
1975837059
2329149150
3662508363
1471172103
3683388033
3239696697
1253343847
2368700880
2327140878
1974085689
2541042876
2662858022
1213959874
1836620049
2858833605
