675339797380
1290693128892
771181489882
802401705476
388203435690
1025867996600
515877904074
372420921720
693121505548
350261818840
788402982804
823401610342
328309345062
1053735905952
1186136438942
630178657250
509157157660
606193859534
890402340168
377624305006
929268618368
808613413452
562328305340
872016445382
361260964398
561650508304
767071937356
311158708394
1172503678800
751489396670
730374235872
484703028614
811529116648
560780388306
249241899524
432475703922
676025940630
654818093470
635597503042
713451688640
512970816744
408983300392
666862430454
857906518572
1122096374946
327109394740
388052547140
673194272064
617797288860
726491459392
444481946094
934203205722
1308475998762
852084242132
740683154926
494810676596
1139025631596
813885324666
1077108595970
407885978570
1043939693444
252325851746
391901176352
753167531506
720183651584
383408824034
938846123848
993358828236
1141531183282
362676755330
681010409334
693303295108
417166595362
877949717226
619803441320
963047430582
693374839304
716523680974
744180997026
720712165328
906379744764
612582450792
595845837794
584581785638
566018496130
377159115242
688847866632
671837650002
578450589326
744224248842
485486205498
866623471740
618979027006
478358326720
1072037038590
478444694974
1015428380152
729347118146
1271744905780
809301454820
1139297547560
676076611808
1185411679692
659521659740
699301927840
368839246150
820990881708
481729015620
576802865272
478837549804
340452423440
559467655364
718888965542
615832810100
541253725090
1144051793914
614141215414
719617033914
836565617574
516964433740
308030773668
459231760494
504406319852
528138155694
295064391982
603214817512
613223445070
447705218590
455325952134
610970989666
470691193156
390519973146
601388814508
535944830266
570123400044
815305034124
686979158276
447657063684
594044068252
710077583446
1219762093442
1077877643256
458879588234
1179942050620
557787689748
842412391608
529764410582
735918011390
307908251630
706550173668
630847939270
1111147041104
830573345054
1389305910514
487212954754
735555991868
1032816204490
640580213750
850703497238
572585900376
946490897172
708479531598
309599901096
637933671170
808609699774
562009226472
461208263784
733335584118
312036763532
1076882062094
327235145080
909386994068
540320736492
587002837538
771455441210
670376088432
869449670968
602400831840
541271868302
394108794772
450841295890
639056657458
480316048888
745411091386
450822884140
573896467772
565173511216
464689710490
984697011990
512520249756
554059446176
305634218736
253646197852
314433424826
499825404010
869326262018
355961554940
669457478096
767653183564
1148717494644
792350748870
854881538546
917247085734
623387343200
996425323098
491299574472
625640241806
603381367228
1096088132310
268874097434
697624003798
620498339006
442797545700
883092375592
661335304686
979705678738
837316934996
493470562976
734355168176
890051187584
946425881800
641623172632
273063040234
1369444520810
828517837576
789979598772
471204327944
958983377410
881083403400
724120908076
492014196004
694805304848
445141697504
350308028394
620562956066
485662013202
752722338852
558196969692
770155420292
636192310494
709518762534
520284405182
592127042524
421360471950
707357438606
729775102690
941452753210
476901276590
753946575510
625633424702
762506803344
531158493410
934442858252
652628610508
1070690303740
527590918412
543394787078
478656414904
658037400352
701341337926
482330618220
729782463108
766846541984
579567434788
277151981510
942911305594
549902112534
1080775537452
923464568222
562977547864
1076459288962
275830473776
307554309722
935100036634
298603572576
476886298140
805966821552
306287790740
362895855146
604617295198
341841939712
601818098888
296822499238
356609262384
739062344574
1375864814852
1120773034580
455417022770
653033884274
989635735512
697604134784
665333899910
645330963906
622313872474
818149223284
846165118210
330017648900
724799508996
398972745762
504047687564
914355168128
1054465552754
1092722644620
742010119032
383985761736
638624639048
981291023398
653364022926
814786789670
834377284658
788264551466
1101553308864
744242708134
466975635074
495736396896
649831010638
823089790004
715054267002
801841170544
548364257478
288955107708
525408091496
403477112828
276515852836
856375206258
668277882514
1156063013730
761571081112
813956272730
461702828736
539174749670
342934387166
318608066052
840253435496
438792219850
689071619486
414641037910
858323143310
661905567002
601738190068
389788343824
708293441272
462349036420
358969330242
413582147036
705476668272
871929549828
665497553472
957230063944
687913141360
930153324844
770904468064
648076871906
422520263166
416204487820
820369984838
763289484080
615677345306
408420801608
795470419010
712022303800
790202435672
304205814526
577390406680
813617436072
285944883542
630670300760
451114295184
657522566424
593098458810
769326261648
274581526644
332195697520
757890185754
1068335098686
341948142570
679419402928
314168953710
731066599400
421405420900
328636289696
494346231476
736744696340
546217707228
442321451898
662771362060
877569615908
410351821046
489601765250
527211174938
778605176092
561283944436
835882766704
890945742618
850220295148
307616766488
629457335938
608666588978
994793065326
730127127226
366869928900
485627356462
333922432980
976424323716
320328116830
854905240264
653769175056
425418364020
454464693404
684847514912
633188467224
339688621136
618330132592
725265111694
351879141784
424277823506
273180936106
455840713222
254122842942
788145903190
630096588586
366199271104
815843788762
690269064884
568858284326
423265847638
893190518178
905390033878
467308713006
907715346848
545389381600
722065185578
734565218078
596894060354
1040499093512
269492741928
306325872250
582061322038
275374047608
610522476736
590247308202
941544772928
442426096052
639523784446
345278936922
493385114196
329746851540
360446855224
621995278450
930813926100
765265600428
824825143686
563165187712
714014012854
909077221804
426525359516
590734072972
1072281465946
383971424840
758362964844
782102717488
629999972818
857771069924
466683182924
458948103686
733179060478
656360258496
1227356966762
470527566202
336074195208
659333833720
1231900950700
1030924359146
567512852196
571919213656
682231397434
813040682464
1014351063854
748048421720
1302073465076
1174488115736
565628465834
290516115314
471487963770
580296097450
1037475668282
358298020020
641165682428
741593116714
619811133696
515383230682
597327624178
664944059768
615647728238
1168488890062
378749377264
1024522667472
909573430200
616799293812
482937421700
646467329650
682006390210
721791659694
1165210434904
627279525968
415147983288
422393939736
1018485612652
824410526600
332459737836
367749413668
332799635460
449900241402
876162750910
383472157928
466381218060
612073538596
494055290068
539388239916
426910284984
535732000680
530646194302
970852300482
601284316840
622130411648
500367686020
429595893210
720231355340
1002306379768
662991697440
439629013502
1110818004696
415785819868
1208273113990
369739492454
341970285080
458951486012
1032088039176
457306387748
411380114544
282603721126
735859822168
516736360614
377194985522
965281368300
555338998656
770697695146
659128692370
530300461478
469106303604
713634519228
300979613386
417124985036
310923907716
582486264720
639926567294
1003780565392
771830331170
514329578258
1177469230918
412925938694
311839472966
854348730450
620686656356
716466842344
336808927218
629163150456
774146186924
715277067268
530765944150
334792248394
500260169330
1017182827006
503161025026
503926222018
631380845024
681959257222
583026846506
745469107740
741606205604
566764115244
723366967440
591502797528
730954407152
1198876662818
655140258634
379215338380
668064182888
457630139546
404883063732
464257982918
790703944364
361434515366
907221280312
409678071390
342750586274
666471339714
906679922706
618932753458
738391765822
806022342012
767961878912
493056752654
364725884006
509268005330
604547351456
777724119650
618767844888
604368128660
941072204596
650974534144
361667230576
684284864886
740780148736
831669877968
1191409686588
386476479056
853273519932
651812671502
416651434814
624324454980
533126786478
301196145504
574043179612
876271485734
376890253864
779190880018
560405563656
727753128588
1266919332518
484844139122
393525964284
1318574163682
704262863118
1230236793390
347986630110
481515485270
1058407186218
341460452568
343448319508
571235184608
1126325559104
428077776208
834963667306
401525625364
789160060406
825267709594
871672427466
629955836008
497838539048
554828562530
717593285882
542814129654
551165714912
646750445084
953046241932
375039449798
1012280795780
765618104350
488841665890
411931146970
693620823508
1050104262910
413280806084
357502686748
433648680508
982536653870
1006305846498
1304773542410
691783522472
954547728958
1048235404032
654146665904
1255032090936
779644323488
527181660946
394641780968
644657403548
504513923984
869122729992
427315375810
776438899846
1110471226250
421909824310
814078748320
637281913372
851200069882
571602347998
697098393902
891923048900
642377999622
583827714258
529232315962
709450394518
471636328048
368995969812
330992845410
493471816116
450493097536
330981415320
328426067298
312594141614
719376611498
1344290679644
340853281132
488958562372
578080974550
520593780434
924629450404
487093067170
386999271602
608786900670
860932146504
509227350774
320832515850
661609479136
938259732544
698320104336
1170199673528
1314964052726
317959238618
1009547921012
579107961190
682440301356
359337595682
287646122412
608009502812
1179298370550
1052107902012
562028175542
395990231660
579993544300
598011907158
867280158986
603301397192
338013470804
516408522252
433394223180
458046807448
1076520315734
832379449818
377000039680
626450133002
556905768640
500832220532
1129159158944
683208478982
609228461364
961977803358
1078626193014
369024700566
746031995654
440722841088
750214655932
1205657957024
359797495808
923414225306
440736342628
388594932974
564299691252
1004894580730
707146761640
930731780468
627105899420
637966830144
584680550802
632034192160
344849426630
354354539742
512514958402
844960792920
731682412798
513479618776
854385075136
506514408402
276112850868
597966195440
781334101900
628725762500
857666867772
427046261672
739350127420
454974690512
563800986636
366849097304
617904039160
981551644800
553736605262
687461341402
676505065912
571099326664
534755228278
401048535648
585031919906
654845301162
397352169768
1079477108264
1062777857594
616475362096
899133038414
729927080752
628445301890
620783032448
452514561094
695037767164
502800083170
476031838958
885917328528
336821173724
676506536894
724979279936
430733915194
569274017712
707848057100
572645179278
1105766240738
865399471518
315336024604
1011522981454
932346374020
325838860450
531918340226
563247008744
580723215474
450682153616
333162275982
525106082642
570417520384
843312143118
1126098630272
563270466602
773226409924
633763540260
783061585632
661613225942
297476924840
299872834628
1201099852916
455748993720
480673197700
1005430576252
499484678974
551753123016
294568156394
262241056532
1054827486194
640603388572
377903635170
353670603966
430059165458
478639922358
512568662876
714413438292
611903492400
904389394658
898785680674
742162895312
568174211264
504953593150
784440790058
382172926000
988874295916
801842771374
687513627128
877558074824
1036590853290
624609089176
679971373456
721174756612
623126304096
646456840530
981318219976
839860027286
832165640492
844132295160
782122054934
797020123762
415171250726
561389347858
865642722226
909149140834
780824313614
724831692024
742120056326
486580800538
525323302504
596064218216
620278211342
476988686090
550413188220
425340024600
708624357224
492485875582
347534315038
1248966287416
676957958534
345396816900
281080142554
700225750928
394011205442
303338190020
746283550078
561720867436
594915504472
618681145242
417089891604
490788490520
673953864398
1341770486550
899499473356
765858560582
598215803304
290409078968
716973069198
1169390299390
650103423590
493503782188
745367808436
1354789546288
1100498210280
997376217154
587676594604
839975199344
655420447434
760822288012
714827104536
530353854810
398884427016
1372316333220
317031392794
340070435154
1135903778830
655385489338
522355122962
845170253764
1284563782594
582385760174
1089181524948
579492769390
562719738876
266951592832
797979205316
960577384876
608708289730
326254013090
797482448550
472283157590
891099792576
715140314554
322247056324
1272154591164
491728909932
1104965026334
956944767952
582490495836
307757133780
420461017940
629567921582
333889439698
618071604866
725679898656
650862140618
1076417709374
571172264070
828497819398
506802893580
639679670814
809761745892
545815197882
884987822644
460941727276
760748658990
492224049448
541451632516
701044361540
635069991140
486469333326
461890851862
370937281778
476809379162
794383516422
872845465782
674155127374
330998622468
544440598766
493991931992
905948008948
337881545154
385509135330
1119764294014
337054662868
585776420010
763673038392
341307215676
1093351646088
512448648326
1041158562662
726179801750
754855458822
1145914101324
769613218682
554733836144
788787621130
904898039098
807039584770
837682851294
811171381938
364702309388
918622884482
337413776840
600006639522
709718724894
559591368324
589191603454
458697980056
726427910446
1344740171368
316569237778
612772733098
363849943398
627260797826
778911122966
719606953560
1428686394020
632514233690
421644342430
323244099340
460799117566
1446126000204
481961903418
724775349814
722084116462
604127677856
599974107078
452350023596
710370647498
522826673072
289708236598
469224453230
665629041530
418538242188
752764879138
750850284988
647429707816
519096796290
797132904898
439566767770
819323664998
768976491888
454884441334
743070659618
412372250610
402202247750
812165667296
318858051066
322514367398
461706482520
298344045674
504955413370
761130862834
672153387740
918734172136
663056268492
516832811844
635505504272
927487913406
432275745078
776677591882
451292141672
852598174990
782825843604
609802222660
552745986710
980518125932
726038747244
593425127296
624028277876
952939310286
793188992084
498763457122
692202216954
773312283238
400364524438
740735577192
362841659788
324019836868
693419006538
697954461454
742868446988
250036376596
502604563612
412119611804
667239637180
854491279980
391444095746
818516012408
1185333518630
647199620698
433261764000
772212520898
593220951332
476620855272
656142637380
1028234858258
619378613284
731197428946
369533323512
924196742670
417784779534
430477291130
273249148236
742646721196
570921430952
918680720520
472345301556
762561909120
540136098218
435985975544
431879784116
463131703196
513274397602
605935462650
482583690302
338731950812
366745782958
1021636927040
433128352466
809965597982
1081523148698
642668671514
510843859816
602744373078
458191639698
1110895771838
792506207144
841783528420
532120903176
946293295394
566630039878
409795967714
965199020952
731286430084
728473731380
429823656752
425087492612
1286632747626
1201825720376
760259152238
606071698334
627597517178
1038793883918
428581055424
621669599018
414720930538
891945697668
783501302540
453406822742
562317868836
568098168996
430843912100
585249923804
972485521370
982478909942
1194185046978
426963178836
278074631768
1016121319592
389717884662
667025659848
472124105310
1000985287942
721362941680
637645340220
309825317448
644400632360
539004936696
344126967068
578567528564
741037186638
723313500200
999381705748
525614716316
703462766764
265237862844
375268432450
566457170238
371652254034
364032206160
966113664036
490898197626
692807588480
430141398114
451411785672
503902894696
433664528946
633009339004
295515726762
310821299452
569483497430
839022593964
628729377962
946154751016
275254402498
993508529530
708902256272
617600331746
454644096684
335890245552
741166427028
852044523362
285283577384
520286951686
1116338942150
934780106122
939071182328
902831520496
596010648864
738662764744
446144462152
944697531288
873202411726
748456011894
425683761356
1115358857344
444785170584
589150710328
915864015308
522465471924
700768202302
756419636502
311012556322
780610900500
395380181160
595730986314
375844110122
713130469038
392030714274
720436253228
696920522018
372496918754
444741532158
759450614646
657411749618
664678694918
412601395968
412175149892
729026226132
675180513804
689326012656
608643248986
929913780514
940749812676
952814988932
911317385100
419168774974
323506467572
685207424876
573684960014
471957736084
543760910216
709751164794
981754778138
547677707404
757523427668
814760771196
658934126218
408724871006
337526226536
318095486348
1206962401972
551164370722
583845000488
510201057156
709919427334
881503719542
392429147362
672353081014
603525437056
1068694199142
1011332142782
370637889904
680396641574
852314980874
746726436060
579318968300
842393765824
920388102984
822164709034
1183416847556
1064700338712
544858915226
688093469778
426479587482
283020345910
374787746526
581125373424
778148550058
703465810914
741810644780
332112796832
796068554462
762339555862
942826050174
674483621038
630294819734
688687328326
632848905358
397033952788
360500347198
1176731460974
711005341824
878604183906
881487614366
295378593342
830843150356
514742348610
678243108966
492642906272
689936953232
1035245710860
726766939538
458493189284
525886252262
793733850714
533791383882
416914727356
1148396345084
755898714468
739764591316
899817364740
544937331960
504059287782
537231117432
800258407310
351237260448
1048092958190
284775941738
303055035710
1368398140498
294917235554
795055639332
951385335702
990915531352
417241045594
328218615872
702043787696
335124677752
1344201456454
582845296424
324529129418
445678662110
415983646756
299165633574
409822609388
770293256948
655728163970
753451867042
594109648682
951272880332
599554816372
507393987612
595966153478
730034071052
317138504596
535279849022
694649200026
690954343272
788199647618
258296485534
330773582414
742379683366
622311398912
759686239180
633595100432
864562689874
844570618596
499418050730
691805672100
1002841822064
783964423992
1075481105480
408557367486
723622550668
347387630016
778465745212
893773443478
595983014392
1114397455842
721883311226
970329700926
530985100788
970064332894
604436798000
955108664584
377362991668
399299841498
948521839696
524203521330
815500322920
959329424264
700187076554
612601969136
554156916926
795692824772
806930310208
1132565163222
495033876374
708391608156
1210745395202
286525976220
512757899726
643942150466
529667272898
254285547954
861543662824
731292019118
1176334328828
779067205358
1133823190750
518916390782
593440358028
580856283386
421146813112
781011370682
490496928474
315626832668
864462932286
501962345280
892149795448
986744071836
1241612105978
450297733242
495423732126
535534119714
1238815879748
689705183198
691482090740
363086043090
287424271356
645503630036
893257844272
425079617540
388112537980
586978053964
496888506466
570326359676
841112604404
532221290184
1033469121284
531800202988
672872884188
564537176568
269312900588
745921572220
688987184018
839683067134
270908161152
579773510860
479333245668
410983663280
686197571950
761253460166
501506870324
483829402084
619386916758
495302802028
497024315390
558398864104
492883415228
887477292894
368415630590
508520883814
1311212788284
886288663882
701241208164
370172575424
1178808942366
413497014124
281749909242
277243888010
782168565264
592777364658
260376167460
826063657456
1289421695764
1007484180280
627113169670
465264079494
299062470380
481827278312
682463367530
1319115100124
927148696404
369467476864
434371778558
668713017786
989599737046
426792052448
656398093824
611517886378
842839079166
544201408070
284752111848
326650351588
920332469928
415460394378
858118094282
545054607692
419567346516
990963571210
492412923370
415656902486
856270840618
426789217546
566282822576
527617650800
1011699459690
671505004058
399045461524
312118780034
538331867058
522149511624
590044527162
532594966292
817574529264
662914331374
415404230172
345161793232
1284737008498
606556671822
691882152488
309965913204
484823074578
809810033964
1266309526192
365034532918
417252518384
1073908044156
772028622104
738920692328
1204005120052
647848563144
718052516816
781116028884
689475358956
449685838748
494702993784
337096839434
501484293192
717720182642
933947726366
623181237362
850534425634
1142773920898
716068114164
631718645912
540144273554
367742171730
749315862258
702317180898
815853199672
887765314800
704555178642
747267737944
832104050964
474623203166
586578658268
655519552514
727797497166
684775915100
1106404416160
1219418219984
481761667450
1313458246910
1029210944746
435176358752
449521598112
1263024489052
899586369134
542163641802
567153325366
496383705296
364568858476
955180488150
844723783740
863341472316
773901542536
644031850834
521123766864
615290624854
359375059716
881313240370
745620035608
876970068788
893567432740
461557457892
997543371920
709782893140
828061923890
980338746504
465079683710
654663229280
711492047990
653901314170
736159806496
777389066064
414708293026
324422383396
821460674750
628181870256
843239974690
720123262538
711388736884
581286299346
374031962560
880145990096
739131795692
728811315056
673362749932
488605559252
747117547690
1090586265570
430252140650
1066351161782
579834132792
564526725594
582469389804
1380388511742
502936450432
494397631628
523440717780
597742399762
467847134578
1256189768006
525486245514
816643377438
774525781672
689777795234
650491468166
293240827086
965102508230
657857319022
1042831060754
310906714806
498573019186
891351003548
847086332252
874542805320
676686900552
906353520176
399209338048
981626373454
1479715721818
593753532312
480511212856
491400171832
557188681270
972248062974
1083102422394
1037807280090
533007634874
615290090872
522038265330
609900527118
342118985456
474059331960
681146726038
1017394222248
785182162388
327965251152
470114083414
493485944338
617728566734
261662714128
298961424746
703256992452
746543877126
441204901954
1210469659516
259377606612
1061973157928
577225981828
666418732366
416356975702
978639867930
540381621862
622091069878
674953839676
678673696618
422911660180
697223494990
605820114826
287919924826
955252048120
622147761204
606580898686
1037714191922
414375607220
533733284610
803170565168
1178564783712
548912784732
715598816854
948857732618
1112900217460
539247863966
502773602594
377315186754
1409777028734
312463048584
343350545318
553374195742
811277773520
768755066862
341607899258
969969824164
773143316474
977283260068
464580560190
506454230138
805417380082
884583787600
325410221556
839668886914
847859965180
829127125868
526893285510
783259399888
704289581350
786783638558
914495770670
931450502736
811733124984
547689493088
1244159718000
781000817634
482865853006
728461345050
558915879778
667851143246
575908394968
928374578640
377502348694
741485043418
588627375022
308009113516
317734779236
383478401380
462128987970
530641825860
752372809652
742210976668
355140659998
1193610009644
583794076772
562976645200
329544595918
856660489340
1230755022792
556009727306
661909441556
395075933668
1011283518722
967118333374
287877034660
382219716656
533219983686
357051220520
794795934812
923579581218
733682989532
844029072980
730788164926
567306363750
634058791254
537582575470
524146700594
495756441994
713235242800
415001233386
445366291898
421036100036
397095912284
525981226022
777698904124
382584763512
490952107782
641326533352
1415304290822
263442669682
671944487180
386307059612
351347980770
604098157014
743680464114
472889060946
793747605854
959549678398
789834307758
328652348090
365856448120
349558547750
344271873966
752334452290
629030105784
761951403338
765483606728
641429971368
766414905594
426744843820
685754457906
813542911330
827292594762
666326737212
298928811342
786081695330
878456441368
541449164540
394537116016
415490763614
686113959878
412348488036
512422334996
500269880094
1083397495724
313395161626
674249418822
860151258802
600295374104
806033234026
1041658472944
774163553474
392304508394
823307704706
873531802588
527266814514
1150208837994
569643080724
562047341380
538443475122
281426796700
885134014368
763195015458
1279066641892
621777906180
628523910518
467938209784
451203492614
503755830206
532843020202
677064594476
723426584740
409247193502
531273415488
338459090736
383442375964
396286845730
1204687052986
534066247950
643946478750
706472090436
935463855510
911260838174
514285092724
720746842180
837223156526
758626334212
1123395727844
711449116432
1292457165472
923317578118
575617514968
313331169326
524595058910
735579555616
456882315494
283970372288
630018507804
424077966988
552129044340
1100006955068
365695336782
339964053332
747000892152
664887127576
649997081428
1051617376880
260167217812
699493928286
403892413510
719339517838
695141476742
666969008746
598071610522
600968457926
466646961616
422975497326
443417626322
988706008912
1367653493416
1061686407894
566697638010
612394792588
545165490610
901637546234
695971652386
881027368680
570168201038
838938561564
549376633706
612579661842
649789107018
466165544810
402573318604
460488295484
711117441878
1135461611490
302419707826
630088841428
405725481648
432214457280
409646716558
918396561610
525770368966
1361343177392
504513828338
1007262770250
748933839760
919312730220
1161931202228
483957120032
326679780120
381542627550
345881141936
774959623178
496057386520
413780175886
1151985294028
456616760932
584575209088
477609378620
421841752874
625600168940
535796965272
320867962716
681904242788
891654100254
430594598320
586498670668
319297548574
280325254280
477021356276
307844528470
463125288438
856017818584
668832979620
697709374698
659041507340
502983521118
417818109126
618845075162
746614188346
746574534296
487806988242
704053445720
695191663474
836454397980
859365951098
718987857708
625989803418
459879886046
741516692414
615459266120
418374404838
698332570436
333192245410
698463680912
1239575216782
491450489896
615939571822
1191793485162
978845088586
645955414812
743326898820
394352146288
407597295212
328461218660
516901819850
984053350818
602848712928
570108038712
854621628700
609170319246
1057271196030
702378056086
389597534432
640641081366
396731306736
963692163600
481440121320
