100
0 0
220 8474
269 12863
383 14491
387 32919
437 44928
439 49663
530 49967
534 72112
612 96126
819 98560
856 106107
979 106717
1166 113577
1226 125241
1228 125704
1261 132163
1333 136461
1338 140137
1457 141090
1499 141930
1554 153428
1870 160264
1959 161818
2088 195459
2182 213048
2321 216332
2324 218138
2349 231335
2365 241596
2392 253574
2793 260042
2810 277072
2826 284560
2888 305731
3051 309852
3103 339460
3381 344701
3545 349834
3764 357135
3824 363888
3835 371300
3857 373720
3904 376354
4025 379112
4151 419399
4355 432399
4377 444092
4403 455894
4426 467438
4620 482107
4825 483522
4887 494074
4943 494345
5077 502289
5241 502755
5249 517504
5333 523007
5345 534622
5419 534865
5705 536823
5762 542698
5833 550653
5842 559518
5894 570989
5944 582787
5993 588840
6152 613463
6311 642375
6438 647353
6527 655838
6549 670171
6666 678437
6748 686877
6835 712246
6852 734724
7193 742843
7246 748188
7280 751344
7311 753190
7352 756642
7458 770078
7576 786143
7823 796386
7947 823912
8152 839780
8613 845098
8676 862301
8687 881543
8862 901300
8891 910295
8983 918080
9155 928470
9206 957547
9273 965260
9307 966454
9424 970660
9809 974422
9846 981095
9929 994667
