100
0 0
11 8382
99 23622
180 28338
283 31734
310 32927
401 49053
509 50620
822 59524
843 75760
989 82754
1143 84454
1145 87206
1374 87475
1627 99481
2113 104733
2201 108648
2251 113633
2485 122898
2611 135274
2653 155025
3249 185136
3274 185679
3282 199893
3334 214929
3500 215726
3612 232352
3639 250564
3676 250942
3680 273164
3685 275337
3797 286151
3841 305720
4032 313175
4162 318127
4208 353730
4523 355875
4554 367662
4649 369089
4685 405244
4697 417200
4770 427534
4838 442545
4862 452612
4972 465425
4975 472041
5038 476372
5307 478511
5367 481969
5499 483415
5569 484635
5585 495178
5626 519172
5786 526064
5905 533749
6007 536781
6221 561313
6249 561405
6332 569583
6340 576391
6494 580250
6508 610464
6591 628696
6660 639689
6662 649766
6748 651352
6767 657962
6853 665177
6973 679144
7034 682747
7118 691891
7173 694336
7292 704011
7567 705848
7582 735131
7596 739510
7705 743388
7853 767503
8002 814303
8066 814828
8081 816990
8084 820207
8185 828443
8570 829588
8661 836842
8671 846042
8766 853134
9091 854687
9110 877789
9258 880651
9278 881189
9478 886841
9504 904112
9547 912052
9590 915502
9613 928454
9744 949925
9747 951872
9750 961609
9992 964777
