100
v 197220 162691 14707
v 86838 169398 18804
v 106351 178788 45887
v 109297 119172 86773
v 88744 20141 61992
h 136539 45508 30815
h 117775 137052 94023
h 68415 81730 9243
v 84100 116634 65531
h 123971 39372 32491
v 33206 83477 95261
h 123269 176682 61157
h 24282 42330 16505
v 127017 189891 77278
v 3741 118662 7638
h 181317 119536 33436
v 33763 183673 99430
v 165055 35475 69631
v 19580 12220 49105
v 143898 166700 76162
v 138772 115281 48517
v 197538 175918 72323
h 91682 113014 64406
v 5802 143843 65295
v 64101 170118 92367
h 154419 124474 51417
v 121731 2117 43000
h 152685 60158 22863
h 40471 79359 68644
h 142962 4028 46772
h 117411 104929 82149
v 25901 187431 91011
v 104485 23347 15367
v 25458 91289 80986
h 60046 128831 14317
v 174239 132822 85314
v 23210 85058 70456
v 12382 62894 44667
h 181627 42805 43030
h 162138 84268 77722
v 25406 147467 36183
h 165531 47330 20912
h 58253 165408 56321
v 53873 57411 84550
v 171438 126235 90153
h 155659 36593 36899
v 177027 177517 11916
h 43272 22956 59891
v 43908 79119 49474
v 69147 61478 55467
h 83424 126252 13292
v 48478 43373 19845
v 91031 183499 19744
v 108247 184412 44593
v 66187 136472 20754
v 141303 197836 47953
v 4789 23453 85498
v 79418 13734 87641
h 186747 196261 66663
v 130681 124321 57239
v 165895 77757 23757
v 14293 93327 22275
v 110235 32814 68968
h 69779 57751 9226
h 37594 150247 47324
v 117807 171516 20940
h 45087 145109 62169
v 106279 93118 15340
h 40343 133918 9453
v 88019 3127 50786
v 148296 109797 89865
v 145367 52460 71086
h 89382 150191 26556
v 102150 188619 75934
v 3325 126695 28014
v 44963 184626 98376
h 27255 154747 560
h 13388 4199 89974
h 27726 20304 33060
v 112718 176714 96413
h 33278 151321 47578
h 152962 26821 91582
v 117483 163743 34055
v 124316 6105 26521
h 142020 4887 64522
h 182048 7972 41150
h 85123 41525 12920
v 132605 11985 81296
v 52804 95614 90304
v 88018 100160 61319
v 98620 17557 41999
h 187093 15272 13491
v 62262 105024 43263
v 69562 190008 69305
v 178119 124795 73018
v 133344 165851 25008
v 1995 75736 41458
h 105231 141853 53909
v 57522 142939 96620
v 111787 46016 41397
