1000
v 37512 6607 88007
h 32890 120392 43381
v 100032 37029 933
h 123672 11968 19165
v 45899 199586 88523
v 22329 25826 41433
v 31780 44298 15834
h 159879 50989 47297
h 137139 134406 92651
h 167832 191258 56673
v 165850 129861 89401
v 149076 141534 96119
h 119135 62811 94801
h 156570 36897 20875
h 133139 160979 9659
h 27151 66747 39763
v 21547 105486 42483
v 167993 117621 32834
h 166922 71586 96809
v 99657 110832 40035
h 164073 93946 17668
v 122405 134849 90681
v 134521 22517 95114
h 191372 137410 38135
h 3256 190708 6483
v 161393 38612 61853
h 57259 104479 15817
v 193730 53783 99847
v 189848 179157 38883
v 104636 173733 78597
h 175742 158 25227
v 179638 140000 14590
v 118766 164502 4944
v 77619 74014 71916
v 67499 71880 97125
v 105222 171641 73723
v 103672 77239 79409
v 154796 158338 81839
v 174006 191227 73615
v 168039 115220 78502
h 158199 20524 11136
v 112722 32598 6897
v 144128 77011 3578
h 141263 25112 53058
h 15871 152851 59086
v 37689 151352 80720
h 51013 158023 52851
h 53400 20912 62820
h 70726 47468 81487
h 182400 43111 88615
h 189468 26951 5289
h 33058 74135 63737
h 170700 119902 9820
v 116209 153176 62042
v 10844 1879 98838
h 188289 183156 32717
v 45775 165033 64271
v 63458 7916 13861
v 2463 161774 65768
h 40052 165309 54663
v 2945 95099 92279
h 174445 54400 2252
v 168629 72367 71203
h 79320 145032 66495
v 170019 20049 36826
v 123551 179295 36189
h 20232 68830 69082
h 67359 66986 83553
v 20296 61651 66116
h 79061 160925 60366
v 29999 11664 19708
v 148725 13037 58768
v 160146 142755 21273
h 139206 158404 82466
h 160410 82193 38013
v 96486 152016 49996
h 11514 43126 63703
v 178961 191752 30656
v 121313 34079 66676
h 59223 1161 95901
v 71409 63240 28763
h 102128 16888 54203
v 64271 167263 93250
h 29332 128148 25780
v 80367 87467 17375
h 143235 49423 5107
h 70672 140730 55427
h 102152 72614 53721
h 81961 88030 82228
v 113786 41146 63632
v 40630 190520 3580
v 45468 116086 32482
v 5356 161161 90201
v 137386 63114 95634
h 39714 169377 14738
h 148896 179213 67487
h 52965 36843 67659
v 68281 199258 54566
v 10527 74442 77107
h 172703 175209 16322
v 25218 53568 60259
h 37837 4393 66069
v 6183 179415 89313
v 65585 198423 24131
h 164491 39491 63893
h 23494 30567 58013
h 152690 137568 43477
h 170926 176932 70290
v 150212 191406 8435
v 184723 175624 23912
h 197292 72026 86274
h 91084 68059 26765
v 127191 92943 912
h 160518 57915 32564
v 149786 119729 77127
h 29229 125742 53531
h 99187 63388 59737
h 172958 71038 21847
h 173854 145473 87657
h 78256 18636 81450
h 69759 78542 96669
h 31364 22538 39535
h 135442 192430 11545
h 176319 27875 57998
h 162425 155018 28115
v 181588 110452 19027
h 65203 85571 78938
h 98508 3384 56230
v 2163 139382 22422
v 194960 41616 2894
v 42060 54384 94546
v 104200 7658 72373
v 90277 93549 14811
v 141427 145646 52118
h 54893 91297 43563
h 109622 25912 62440
v 154674 117836 46579
h 141419 188479 3928
v 49404 12213 34564
v 105147 171502 93251
h 107568 103083 10214
h 40965 39403 66113
v 17178 35563 73500
v 186865 65534 8264
v 92658 153241 7070
v 4597 195468 60702
h 33972 146290 87958
h 21952 119556 33588
h 153791 69842 49234
v 70570 17191 54916
v 4275 161149 45801
v 17376 100248 74580
v 107164 139748 62230
h 162931 179457 42262
h 119148 61757 37342
v 111458 5013 78421
h 49079 117590 70196
v 104963 91519 61681
v 84406 11783 15190
h 157841 127372 63048
h 181287 144312 70189
h 28550 90024 67618
v 26137 124680 10913
v 121371 41076 37846
h 85960 193205 27237
v 23972 58934 88927
v 30625 98385 72651
v 155447 81835 66480
h 32310 84856 46795
h 124681 180288 39484
h 125678 83370 92818
v 80354 155575 47268
v 146893 162415 6237
h 171578 169682 68410
h 160420 467 20049
v 32116 152126 11471
h 129632 168576 52035
v 151325 390 62788
v 90544 174864 74514
v 101403 93248 64911
v 47582 115692 94248
h 53229 170024 40768
v 26102 2683 10753
v 32018 193901 23289
v 188475 190415 54983
h 139217 13642 97949
v 48816 16548 97160
v 98501 65670 16600
v 6076 184290 52450
h 171447 17210 94928
v 55976 166540 6278
v 132373 141242 63042
v 39373 191681 27261
v 192072 135324 98913
h 137942 182954 35016
v 116561 48847 37800
h 137648 166457 42616
h 99708 167102 17277
v 46283 137266 98952
v 17526 115573 87102
v 173441 178833 15010
h 117107 94142 85961
h 159581 167702 69859
h 174637 28453 62933
h 75456 63784 57101
h 94607 134464 601
h 3940 185833 50582
v 16306 132236 78800
h 63426 2416 39388
h 43845 116338 3280
h 35220 30596 6421
h 122432 92742 11944
h 16981 27728 2334
h 146305 25899 62792
v 40043 186134 97151
h 102672 104720 2378
v 160539 96150 75572
v 131203 32464 11302
h 162578 29888 78830
h 10077 73097 24151
h 96257 16277 85840
h 167254 145448 25314
v 14166 27319 69520
h 59627 46545 29222
h 67072 176188 60283
v 62857 106800 63803
v 172790 139688 98079
v 71189 32249 89345
v 181866 60782 56763
v 19206 172842 1441
h 29437 161287 80152
v 106430 170808 86343
v 184785 512 77820
h 30893 89441 19774
v 188374 152533 90505
v 19223 100147 26167
v 732 42939 49918
h 78500 14410 44259
h 78385 185332 25850
h 89073 187378 77136
v 139091 88502 74623
h 107737 191034 40052
v 81973 67114 77284
v 157092 157482 57741
h 87682 81926 83351
h 39637 26650 4428
h 139586 159950 56508
v 134054 97752 24402
h 79007 100649 52330
h 106363 80167 18725
h 35885 61158 44939
v 74 66874 34581
v 60796 31703 59413
v 57129 112444 47719
h 25079 161797 59880
v 65418 187569 85629
h 152897 178433 89375
h 28791 3424 99292
h 102375 149465 56871
h 112001 151705 54760
v 122536 188466 19358
h 125631 189941 82311
h 78561 171804 12368
h 85087 116769 90551
h 59986 144350 41077
h 2855 128091 25595
h 64759 27107 55899
h 54728 22621 31344
v 86657 108248 1449
h 198358 134090 45854
v 24373 198455 45816
h 16473 7426 50958
v 177667 62104 68266
v 7261 7515 77516
h 99278 197772 7816
h 150882 51680 57089
h 30896 34692 52580
h 143778 90831 2298
v 67260 136210 80330
h 11366 29223 92786
v 164580 56944 44408
h 84921 69125 41441
h 137755 87276 35965
v 159895 194161 16413
v 75450 36968 43421
v 40591 63939 98486
v 142913 59094 73106
v 20104 182588 60461
h 139476 96165 91255
v 144575 25111 65483
h 31019 42225 96829
h 167315 58027 94624
v 187224 157849 37069
h 110987 74534 30520
v 19295 49435 33280
h 125031 179486 43514
h 135864 29769 93011
h 50684 105746 49479
v 13130 113834 46632
h 187403 121045 34416
v 109871 71952 61220
v 192183 193232 69882
v 148748 61768 52788
v 37230 121869 75464
v 132432 191267 39007
h 101614 15382 19749
v 166369 126904 48959
h 179003 195565 89637
v 119606 154117 33857
v 46245 144968 99328
h 170876 121881 3247
h 56536 77780 54960
h 159259 58656 44896
h 196095 111090 38617
v 187020 133954 73398
v 174705 40952 26310
v 106807 57962 92451
v 8190 186462 8543
v 166216 161031 48843
h 194838 55115 39196
h 179802 75538 2364
v 187965 103962 98706
v 151924 154508 35184
v 23277 23672 20934
v 83390 104582 76679
v 72369 156352 99569
h 160688 185308 25248
h 162652 73037 59583
h 48666 132402 7357
h 129191 183064 51990
h 185824 99539 25871
h 45388 125044 6040
v 15972 181407 14657
h 117132 197974 51986
v 180824 80159 34536
h 118986 31054 9695
v 45153 8062 16819
h 101178 62052 23616
h 129481 181074 85013
v 102606 196634 13016
h 84814 51220 62693
h 167772 54809 97875
h 159781 150064 6134
h 84478 75744 55478
v 82599 71246 83953
v 134351 48440 60494
h 108583 106946 62862
v 179680 163317 62202
v 68538 171323 48545
v 197751 38572 56530
v 194133 93377 73768
v 117816 165147 17720
h 93480 142353 21990
v 116027 35521 64645
v 103424 160711 24082
v 180105 73993 50239
v 154640 122869 68207
v 168212 169970 78950
h 51448 112310 18442
h 155446 130800 76794
h 90315 15348 46477
h 186557 116957 61324
h 19369 66715 42482
h 34960 99951 84699
h 75768 150343 86203
v 5765 192112 52083
v 28640 58088 27421
h 14554 137442 49662
v 2338 139834 46087
v 123765 124008 51899
h 158104 140323 36756
v 25040 180903 15970
v 71791 111205 89398
v 18558 156572 12850
h 61109 111246 19237
v 59332 40363 89142
v 187953 163262 31930
v 15650 185429 1506
h 189662 23296 97245
h 16260 18661 16408
h 177648 135682 44327
h 50629 82112 21923
h 182659 97096 84707
h 30526 140421 55450
v 122978 33312 15393
h 121386 10022 11459
h 125228 104335 53717
h 108341 118481 56756
h 136977 96723 8037
h 74541 186062 47274
v 36196 136339 93966
v 138264 36703 10000
v 164661 160418 64491
v 20588 191839 26435
h 190735 124772 34157
h 196781 178052 29832
h 41522 190107 42444
h 122292 188349 7488
h 135208 130838 19518
h 118162 76855 81468
v 91480 140456 88730
v 150875 38046 26416
h 101233 69422 64573
v 148105 124156 71475
h 196331 124708 82210
h 54516 188196 24844
h 176030 184549 25300
v 150724 105056 54131
v 118730 137591 2493
h 33702 19443 53408
h 36040 42590 59822
v 88395 96967 28765
h 110723 22917 6131
v 67956 13462 38159
h 100886 59604 71767
h 144003 7657 28460
v 89881 27272 16934
v 88476 143636 22909
h 14677 29233 55447
v 105105 82023 25502
h 115045 131216 62042
h 41221 142646 25395
h 11711 167554 86984
h 79563 156472 3988
h 143728 199386 10394
v 134958 150873 70160
h 173585 41284 30534
v 62154 89840 74953
v 103206 40917 95240
h 18829 99550 86042
h 34762 195767 53743
h 121710 49729 34439
v 157313 121578 27328
h 83941 32527 81153
h 43617 149121 71580
v 28300 183194 89867
v 100996 119047 30418
h 133528 20593 33254
v 35997 68979 62686
h 190006 50669 5125
h 64635 162708 55750
h 116211 172240 58401
v 128321 98205 27379
v 18799 52048 39751
v 160181 49397 57120
v 66891 94781 45760
h 87253 146010 81454
h 95071 123816 82604
h 151134 176485 33194
v 49792 9728 71483
v 82993 10865 4925
h 150340 36148 5415
v 78385 183724 68708
v 148208 176337 29532
h 183187 151623 89843
v 137658 68883 86609
h 23969 145241 31188
h 195465 127230 42346
h 194522 73244 56329
h 109266 95263 80783
v 44748 3108 4842
v 191644 69986 39232
v 109010 143552 30978
v 71013 152358 34242
v 158060 183872 68247
v 579 58628 15382
h 62009 107400 6749
h 33075 27087 71967
h 111368 189470 47486
v 171686 188894 9405
h 159002 14680 28507
v 126515 36722 6428
h 117927 3926 1377
v 181130 121210 62257
h 178171 128561 73341
v 105197 32800 43607
h 190525 7238 20418
v 36873 85266 45461
h 5799 30374 19805
h 2601 107342 86644
v 155299 137859 46104
v 42135 170098 71521
v 111522 187542 25223
v 163063 130280 62480
h 77685 95182 42259
h 161799 153598 24400
v 20473 100974 55197
v 116968 97012 21903
h 82512 23435 75003
h 86279 175329 72971
v 189342 198311 34455
v 19443 114974 88370
h 285 168389 83024
h 137405 6588 55319
h 143385 89446 13193
h 22056 108151 56012
v 121682 48289 44762
h 10839 121591 46790
v 181418 50716 68031
h 197077 168423 62206
h 192299 130409 74180
v 199552 23703 49679
v 5820 54179 81743
v 83816 132657 85095
h 29667 54647 1741
v 192906 130618 67442
h 84578 108369 70892
h 176577 14447 41468
v 194587 95551 22226
h 195867 172394 51333
h 2411 126953 55507
h 123756 169418 85372
h 198799 4200 16066
h 162868 106242 32339
h 107996 191681 89955
v 57616 122984 32854
v 181025 21331 75783
h 190880 1985 76327
h 14334 126048 99136
h 124269 39482 63220
v 33410 103130 94224
h 166188 2094 25272
h 159282 146059 89151
v 133397 61583 72213
v 10411 51084 96202
v 9438 110196 12466
v 83289 4522 26574
h 97244 198877 77482
v 102129 87304 20184
v 113458 11972 64606
v 131355 95257 5484
h 78406 94558 1748
h 104162 66730 81692
h 18401 182343 28636
h 136262 33639 46374
h 15957 49092 84055
v 165966 167612 75024
v 18735 182857 86245
h 90093 79880 96106
h 49439 129796 94483
v 49785 151690 94958
v 46615 103179 43907
h 61073 21450 23026
h 110241 45214 52739
h 182173 135465 85080
v 26161 150590 11357
v 62771 181051 26403
h 199916 113218 75991
h 30130 63971 44356
h 143177 41401 6388
v 32691 66542 4309
v 24941 101718 6350
h 183896 128457 48614
v 124855 98199 48867
h 127273 29230 49104
v 107478 170904 93392
v 178426 19391 68562
v 73967 6807 31855
v 190350 146929 64649
v 141648 195918 32099
h 135589 156171 90986
v 52103 36892 82719
v 102087 198187 24397
h 14859 198866 81619
h 159099 84977 74764
h 56473 180110 52142
h 165427 44107 14499
h 163716 69071 15239
h 64235 86148 98351
h 84808 109698 93898
v 137086 184138 31066
h 184044 482 76943
v 74367 82505 80357
h 32891 115417 23301
v 160117 102270 25731
v 64558 125136 44976
v 166323 190014 79872
h 19243 17765 67219
h 105086 70028 18643
h 63705 71585 27768
v 196623 102206 8169
v 181509 115348 43521
v 76880 122667 23048
h 99223 27193 42646
v 190624 149757 8441
v 39065 69323 32886
h 94185 174983 50578
v 169923 133208 52691
v 26592 126624 85188
h 166372 78828 30819
h 198669 93135 91408
v 179259 91518 62158
h 196741 24166 89923
h 171628 151288 92811
h 100885 188904 88414
h 180185 111989 95828
h 177273 64628 94814
v 25225 121522 10494
v 119947 52768 49463
v 110852 179309 12701
h 189440 75423 10915
v 32564 123537 81704
v 23993 92228 66994
h 140668 68222 29404
h 183666 95589 32624
v 195742 68937 62345
h 28476 191761 39016
h 196249 186076 53718
h 128764 155855 15011
v 158653 135831 12922
h 59308 160839 10670
h 86800 171578 53609
h 138269 23701 15651
h 180033 122171 77661
v 37894 86393 80494
h 98457 28679 12147
h 15929 154833 57601
h 28971 167396 59088
v 195083 156141 40533
h 177106 24471 43721
h 52372 142468 95180
h 147434 196324 75966
v 71069 169184 44433
h 69236 30030 71922
v 154999 5842 89165
v 74319 89161 17477
v 108274 279 22660
v 40331 33087 94494
h 43116 109345 23063
v 175578 31565 31541
v 194240 134191 88985
h 40356 1448 85748
v 90344 153693 17098
h 174936 148651 10164
h 161566 36526 7374
h 35847 126065 11813
h 46344 130532 21542
v 29745 176852 59703
h 101926 177471 13431
v 78151 122664 59137
v 119875 181898 96044
v 146490 177540 68940
v 1182 174817 9519
v 127342 120837 1609
h 155230 155925 6592
v 180496 146311 12856
v 52638 172700 77721
v 101344 119498 56705
h 84070 100206 96746
h 114351 21851 54992
h 55471 22446 79756
v 69789 37625 6045
h 84693 184229 14785
v 159588 48270 36300
h 155348 81941 38020
v 162155 39173 80746
h 130770 192280 3412
h 76149 94827 63350
h 34285 99918 16866
v 9694 61088 36971
v 61580 178220 83656
h 154170 186950 33815
h 106760 101578 48277
v 190698 123302 72061
v 155764 123550 89600
v 152607 152443 62097
v 129127 41951 71076
h 198629 49637 56634
v 40648 90166 35601
h 139255 136811 93003
h 79347 43396 77801
h 102645 78518 83056
v 19150 9206 22611
v 26660 191583 16350
v 14084 83648 88398
v 120047 92392 55660
v 146312 97405 15274
h 48487 189559 20399
v 60179 50827 94863
h 170187 44772 73112
h 37483 142355 46405
v 70854 170874 47002
h 147547 131806 45983
h 129370 13805 78308
h 40185 148080 30518
h 83172 73799 36350
v 140526 150344 66306
h 156264 161276 76207
v 51697 82335 93030
h 63023 54168 74229
v 74702 121400 28492
v 107371 125939 44972
h 59601 47356 79650
h 56248 138019 23174
v 112080 30111 90819
v 170818 3178 72564
v 190255 76692 95767
v 30811 157213 95481
h 26826 128398 21969
v 10658 71820 85124
v 94655 62244 71955
v 78963 101229 42355
v 137905 177490 42083
v 91446 2240 91579
v 41130 133845 49953
h 145270 140622 89803
v 132454 55917 88579
v 165216 148977 73592
h 129685 102298 91951
v 157992 75525 94238
h 7150 12670 66219
v 93029 68978 50114
h 86248 192651 13525
h 146449 181544 37024
h 34135 173606 51354
h 79437 140316 2290
v 192674 193451 9294
h 13095 136655 6393
h 153725 184527 67224
v 8913 13887 67165
v 147029 25880 84202
h 67312 95539 85857
h 13409 119854 55694
v 16283 89472 31838
h 98690 186684 28314
h 77980 27740 93259
v 122685 35790 95831
h 73175 57596 84697
v 152802 168807 98012
v 51823 86062 39611
h 43261 196887 44690
v 22535 198565 5392
v 88605 13616 91486
h 194597 21612 1848
v 184148 54921 732
h 143233 180112 161
v 86174 198646 31403
v 162125 111883 28653
v 21180 108979 15227
v 176789 145031 14177
v 106107 114758 92664
v 158215 118306 23471
h 10498 25662 2068
h 198247 130231 77535
v 16676 36623 38106
h 86509 39652 73888
h 115507 48324 21359
v 163245 108601 66532
v 12989 140428 50083
v 13271 77706 21472
v 116872 174231 37185
h 13289 195095 86878
v 122691 172722 70770
h 48160 81622 91257
v 125054 28565 74946
v 71277 8446 10473
v 42720 24308 89125
h 15 187348 24983
h 164928 14176 28651
v 109304 29913 22399
v 1672 113072 37362
v 14683 18542 87245
v 152019 165973 93557
h 120773 50471 59766
h 192293 129674 84853
v 51922 65383 38691
h 29884 188888 24547
h 78846 47837 49042
v 168628 149999 42333
h 108411 107681 95406
v 88165 8288 45638
v 13270 84766 73526
v 52364 168268 14307
v 143895 198691 18624
v 130854 11769 61013
h 187601 69986 27586
v 42900 154733 62546
h 117499 176035 3910
h 14296 11215 42951
h 8865 73216 39320
v 175663 191838 68567
v 191245 116155 63951
v 124457 4051 97074
v 151685 135640 68262
h 123217 92773 7976
h 7792 198671 24097
v 13003 62573 30270
v 28902 167268 9795
h 83688 156322 74585
h 199451 97090 74796
h 61702 130281 71713
h 190727 172578 62887
h 51031 161900 17170
v 135478 62235 50052
v 94697 154107 22346
h 84448 95847 42816
v 11685 158701 76779
v 164707 114828 26069
h 108168 31454 33229
h 56733 27579 45507
h 62133 52856 37474
v 60523 13617 59192
h 136923 100948 38144
v 130548 163437 95123
v 91905 46501 28392
h 25241 115459 7315
v 127449 155807 90845
h 138732 157080 31564
h 126555 32676 40028
h 60885 93769 3874
h 136950 8736 82337
v 46258 158316 19497
v 75143 99948 42619
v 163428 131730 78576
v 27898 87263 38590
v 143200 77982 85573
h 76748 150672 19525
h 47511 56682 44011
h 77651 188396 24066
v 40461 70942 15455
h 90558 86790 53499
v 158671 132095 92267
h 172635 171543 1448
v 50267 78624 67319
v 24043 67080 28732
v 180114 73518 70712
v 106656 18569 22975
h 183471 122500 83445
v 143775 189763 36571
v 91069 104933 31070
h 152847 139921 53762
h 45707 89904 6562
v 163393 4360 97787
v 83734 121897 70932
v 128793 55705 52498
v 164403 3609 32567
v 53270 106725 39300
v 95872 77904 11847
h 24367 30644 59917
h 128708 16560 56269
h 66398 121148 88246
v 166073 160343 83136
h 111803 91804 70425
h 174342 23173 91805
v 125032 23435 71262
v 68707 172483 5560
v 107534 108005 87281
h 95422 28606 74351
v 162611 8875 31912
v 135622 187884 93988
h 5343 59821 86722
v 15277 67403 74781
v 65508 158998 4101
v 21591 193630 23213
h 50332 79072 41413
v 198297 112927 83919
v 109120 11031 4418
v 20562 88809 26043
v 173267 86722 78627
h 134832 68982 48011
h 32835 183959 31247
h 189725 54628 17812
h 54813 108076 73534
v 181192 185028 62063
v 148419 65092 83582
h 188444 162583 66465
v 39190 194198 3000
v 86762 86400 52694
h 126339 11056 37403
h 189068 137078 52331
v 166799 128448 10272
h 190270 60938 7132
h 154557 167100 42523
v 66661 38914 86756
v 45327 147038 55954
v 117244 93429 30003
h 14333 58634 27793
v 124691 86040 83704
h 128872 152527 55661
h 60676 189271 34545
v 67564 158904 27546
v 63687 77981 3499
v 24625 149152 29734
v 176942 178768 99899
v 184 86705 67183
v 149917 140344 12823
h 96632 78905 15416
h 78993 43449 51105
v 16168 138047 70790
v 191109 155815 30123
h 86166 87256 16876
h 58855 55839 43455
v 26663 105671 78663
h 176240 98044 50564
h 118249 97442 93468
h 121478 74069 57837
h 28782 190325 87649
h 86437 134837 69674
h 113852 22210 11624
v 161945 182738 38705
v 118582 57707 52189
v 34018 17041 49814
h 77293 191936 10764
v 68090 121440 31338
v 32780 144985 8944
h 136690 119554 98614
v 178382 28015 58616
h 180549 192345 99995
v 163705 170789 12905
h 183960 150847 53525
h 198836 40440 96338
h 192279 188266 33643
h 2769 197409 91621
h 162492 78463 98832
h 19569 132587 70864
v 131944 85388 99215
h 79388 19523 8780
h 18853 13250 640
v 26581 72490 609
h 32842 85551 1734
h 44611 164786 37418
v 99497 81445 62812
v 35448 16860 20427
v 32839 53818 633
h 79274 115759 96871
v 116885 168532 81139
h 3970 160294 58809
v 7861 161270 88377
v 147123 138179 95611
v 125094 160916 61139
v 102920 184608 93289
v 12073 146116 29399
h 112000 145622 10185
v 175012 79254 20948
v 148688 188006 17474
v 46892 150504 44542
h 142463 86516 22180
v 7548 172054 62956
v 181706 125301 7816
h 90321 107425 60382
h 22020 55968 55139
v 100785 111651 9791
v 156453 33344 96514
v 100639 150843 27106
v 64041 193091 38780
h 113 3498 25471
h 76028 98340 64391
h 86045 71742 80768
h 21588 67939 60606
h 80792 115341 71578
v 108741 79765 45907
v 186170 194391 92167
h 60349 130331 76408
v 174966 193098 76061
h 196840 166048 30685
v 150242 12093 23908
v 1433 120373 52129
v 137095 116330 2884
v 153791 3730 53620
v 28052 78135 48236
h 27547 136300 41747
v 115927 138794 64109
h 112996 88137 23374
h 116930 27071 90391
v 148309 96783 16031
v 12025 119372 75089
h 120942 69420 95446
h 15954 103778 67619
h 135490 144806 78454
h 121051 18982 27395
h 35052 189617 57597
v 156936 79196 24236
v 10235 134515 74920
h 157329 67372 92363
h 33270 117143 46779
v 31709 81653 88132
h 14259 192445 28930
v 102232 53705 93156
h 92397 95100 41707
v 185238 122689 99107
v 47095 194525 58838
h 171916 44846 8223
h 42236 169835 204
v 94105 146279 84437
v 1381 50280 58835
v 48928 85247 94058
v 52545 116134 35480
h 99884 80360 82039
v 78249 135626 50291
v 172232 82346 40138
h 59863 125468 50462
v 16941 19578 36656
h 14834 65663 35121
v 130171 131385 93934
v 91208 173696 74337
h 84198 118148 19424
v 5928 48891 7784
v 50905 183542 18896
h 91705 34624 70432
v 180375 21744 46236
