500
h 103692 188279 66654
h 52680 110279 86592
v 88156 121126 63625
v 60239 49075 34635
v 88177 158996 52818
v 166562 55330 87772
v 13338 191173 63868
v 192522 121124 68209
v 104667 137206 87371
v 93913 180513 711
h 304 13205 54081
h 121390 193668 12214
v 122503 40144 80841
v 38227 153757 54649
v 179277 150051 77665
v 143191 108901 55628
h 121064 176642 81624
h 96056 62811 86864
v 96143 78870 7463
h 149722 20227 28625
v 8049 139017 82341
h 155587 77124 99985
h 194115 1379 62647
v 27785 120626 19286
h 116282 73247 14535
v 27072 199914 56964
h 183689 196821 76635
v 56618 156912 43792
v 111078 18832 13344
h 149634 64346 1575
h 157924 134078 10174
v 72715 8805 70473
h 190199 59752 58791
h 68987 177720 17370
h 160084 9325 28752
v 21572 61713 23118
v 108431 77934 25333
v 130593 67574 62935
v 160661 25649 88444
v 165891 152133 13923
v 8816 150615 96305
h 82796 33613 46380
v 50818 181027 99366
h 69777 114577 81483
h 92563 83032 24913
v 134459 59361 26926
h 109282 181069 60858
v 128450 8938 34199
h 9683 17829 48395
h 61637 87453 56488
v 49718 142936 87543
h 63009 157180 24510
v 102359 112587 87009
v 7817 112470 99148
v 5619 6844 70400
h 49779 168288 4332
h 83107 126895 84480
v 72257 195216 91407
v 59730 21547 41999
h 3776 180359 37088
v 179732 10356 71555
v 30949 152354 31098
h 175058 120222 40027
v 185808 198752 66737
h 29139 32943 59289
h 184752 125298 7866
v 34478 53139 88255
v 152760 59205 69171
v 52003 49101 93724
h 179208 82278 13091
h 145983 193557 39082
h 120586 194816 36390
v 90347 137014 28587
h 90590 157469 92156
h 20600 183212 46800
h 59534 35806 68834
h 140059 104438 97653
h 122692 181107 26946
v 80006 33834 65716
v 91147 120958 76267
v 60364 2496 93415
v 108918 4486 61461
v 875 151090 92277
h 6563 49649 12601
h 192299 38862 83697
h 64180 73746 8449
h 52984 197346 95331
h 175646 53375 95055
h 68219 131718 22851
v 81146 156361 99938
h 38121 159680 3677
h 166485 15678 83034
h 44353 195910 39190
h 115368 174233 69563
v 86808 39529 45033
v 44783 19374 17124
v 138457 102697 5277
v 53818 147288 79573
h 19883 30385 55561
h 172676 150006 43591
h 4586 104495 22730
v 111370 101499 30418
h 31976 99954 4107
v 176506 134408 74771
v 27024 166045 78171
h 49755 45224 15798
v 103892 143170 278
h 3089 43291 60749
h 165387 93383 51970
v 163513 167774 11064
h 954 122477 80504
h 33995 136778 72716
v 32954 2034 86411
v 27491 64123 7876
h 164318 61792 91223
h 77385 181757 23387
v 140233 115839 44934
v 50401 39650 32984
v 52310 10540 13341
v 106929 19990 74881
h 85816 137808 19090
h 128979 198835 14051
h 138795 144182 97087
h 67337 15877 9446
v 126535 84418 64841
v 147272 71807 80379
h 25631 17632 1423
h 116033 62761 63424
v 8961 124759 74859
h 115588 182653 11460
v 176226 37979 57140
h 120514 76717 49844
v 194273 15923 18451
h 193631 13391 71213
v 27226 72905 97778
v 80905 156689 20038
h 58535 176063 5768
h 92373 67519 90818
v 85380 161228 27521
h 197259 39926 39662
v 100401 86508 57919
h 199161 187045 88030
v 66601 141949 20201
v 151127 131577 79522
h 38286 164358 89642
h 20631 126890 35862
h 184258 68233 68546
v 20929 37392 46593
h 129041 96946 36175
v 187921 40602 18531
h 143729 122717 27827
v 100655 178409 5613
v 90142 79593 80956
h 118741 181251 37561
h 50250 557 23031
v 141434 116545 66659
h 57454 48049 65808
v 80822 171435 55921
h 87086 176614 13708
v 185493 69992 39082
h 60574 47028 90234
v 51273 46295 93100
h 71062 123194 35632
h 12047 147327 77194
v 147799 126248 31476
h 16384 123452 9015
v 42478 194737 63411
v 64643 79244 68105
v 142746 5383 41966
v 6396 3753 39617
h 96440 145880 63197
h 179496 76807 37089
v 64662 199323 5825
v 9779 56764 72119
v 112648 99273 29628
h 84343 95143 70884
h 94436 145158 61032
v 161550 194880 72713
v 90659 29578 26141
h 87345 31461 84304
h 18376 122293 18924
v 50148 189995 4671
v 47662 80050 72809
v 25580 36332 80552
v 131745 7093 37648
v 37415 36601 99731
h 85803 78101 50826
h 192643 167103 80649
v 34120 153467 31221
h 136203 115257 70646
v 86076 66254 17800
h 14891 62381 22328
v 198584 140800 20828
v 40145 160309 77791
v 135827 114905 52968
h 95868 166474 53828
h 46795 180640 60008
v 150112 85778 87728
h 46889 133287 76508
v 98436 82703 72944
h 111949 23538 90358
v 91899 173323 86599
v 171391 45036 12051
h 184142 84490 86746
h 121688 57457 9406
h 69662 176183 36255
h 172267 144796 86570
v 179362 63128 92342
v 82965 139152 57287
v 49641 143000 86014
v 55487 102226 86758
h 87735 41140 4088
v 100910 149924 53863
v 18704 15440 77916
v 21063 129851 16050
h 18442 30133 77627
h 113722 117164 42934
h 12230 103504 8393
v 139838 81150 21425
v 49841 62049 6155
h 175622 193080 25169
h 55882 192451 34224
h 113106 95278 84138
h 197999 72728 89295
h 169891 32026 86412
h 15783 85228 35684
h 22084 54845 93500
v 109648 166684 99977
h 84037 157827 52988
h 1639 34312 74753
h 24274 173150 47878
h 149105 41996 99718
v 29111 162522 30666
v 17329 166881 11303
h 3744 77273 52025
h 198674 4232 77679
v 35206 27911 8903
v 3506 57215 65136
h 32354 3439 4903
v 142071 48296 13904
v 105174 111333 37024
h 66733 50222 36763
h 148967 171052 97129
v 50400 137123 92124
h 58586 187063 3974
h 139676 190020 24832
v 13674 51815 62187
h 140210 56113 12514
h 147975 184750 78272
v 166912 57454 3073
h 44056 100334 50543
v 23169 72214 79810
v 79385 116292 89824
v 160851 70475 44663
v 90526 162611 20814
h 16882 76572 67149
h 119258 132554 60231
h 122327 51274 6906
v 157777 28846 67121
v 136381 139628 81048
v 19696 101344 13222
h 70378 114090 14105
h 129363 46934 26766
v 35829 57604 77902
v 144126 148043 21866
h 75752 177580 1528
h 102452 163083 37388
v 19957 119248 7388
h 25400 50304 74198
h 42663 55678 8356
v 189778 5943 37717
h 94777 171771 83176
h 38352 28220 63898
v 33336 130833 32497
h 95825 80661 31091
h 77090 114870 6325
h 118865 121366 37666
v 179867 63542 85166
v 24271 189273 55852
v 32332 1743 91767
v 111454 194135 55936
h 77933 42077 8120
h 123723 43822 31781
v 160279 176011 73262
v 177416 60750 48563
h 6881 126321 41428
h 128786 88626 76700
v 98150 123437 87213
v 145563 71385 72127
v 170723 89611 54685
h 103479 198096 12393
v 60638 167372 60743
h 137587 150781 501
v 4584 12497 79541
v 44042 166507 3974
v 86391 186806 54407
h 50066 130771 5314
h 41109 132326 6453
h 148158 156126 1856
h 110493 185959 34950
h 125161 68125 7947
h 81386 102551 33537
v 7632 120123 80443
h 32454 194291 78479
h 92029 89107 9721
h 64899 65684 80418
h 31543 66638 92712
v 199257 25861 29464
h 10980 152174 31899
h 83045 193780 4969
h 56915 80441 84801
h 172990 76923 65939
h 2412 170190 22145
h 30763 372 85827
v 153923 68576 39753
v 102585 190680 46299
h 92553 183596 9096
h 40770 177767 58574
h 82683 46393 44566
v 69205 68086 38091
v 58050 125921 11665
h 94980 163593 18478
v 108643 30389 99670
h 24811 153621 54186
v 1423 173038 34734
h 57602 90514 27689
h 133610 54245 14989
v 193432 174931 46710
h 39426 117592 7868
v 24461 23027 89767
h 149449 74479 61721
v 54672 165241 34145
v 136337 59981 48696
v 133082 35222 79446
h 71480 182118 73976
v 78994 47455 61980
v 164222 157316 57592
v 28050 133443 40517
v 58607 186795 19415
h 34300 108844 22299
h 122184 21756 75307
v 26194 77732 89723
v 77205 89671 83031
h 133345 145224 82708
v 96651 9625 60181
h 76115 5968 89560
h 115808 11599 33210
v 141513 103544 99974
v 194717 92719 66593
v 56594 14623 77864
v 107614 192930 64213
v 14492 101766 18794
h 132571 53214 31260
h 8413 100011 67092
h 67850 131370 34226
v 85370 154977 81050
h 11058 193572 99065
h 144115 113967 51165
h 3026 174286 43105
h 70696 186607 95972
h 60379 2853 45019
v 130239 37844 82790
v 199103 131883 18974
v 15019 153674 46583
h 185986 70851 74015
v 186558 128736 9125
h 145612 127638 7802
h 143459 164972 32814
v 197686 191443 5021
v 196855 141841 78699
v 2757 152425 85104
v 41820 121083 76697
v 53998 46567 71327
v 75763 82866 57463
h 168525 38698 33916
h 33790 55143 40002
v 103778 112238 93520
h 86204 194372 16876
h 152846 21185 58165
h 74754 3255 29735
h 157162 77998 6801
h 51959 129983 81900
h 15821 100453 25594
h 131751 83463 91863
v 67848 121217 49297
h 59898 120349 51811
h 77062 75790 59377
v 69109 112183 18677
h 158745 27644 43003
v 96400 184779 31706
v 53162 163780 22552
v 109285 137010 20170
h 73026 199615 24007
v 112498 92441 37603
h 30341 168997 64431
h 188449 114797 34826
v 82620 43333 3617
h 62278 27047 63016
h 129289 23217 23122
v 176329 13916 80212
v 136168 76610 67051
h 109062 158925 19910
v 169237 159547 3290
v 179865 69614 68759
h 178464 148492 41321
v 43915 178371 91907
h 88292 37896 73323
h 198 171350 39127
v 123447 12167 88953
h 10986 94215 62658
h 127071 188171 51017
h 62507 11048 78541
h 112725 142561 9180
v 84246 51474 7244
h 32648 187626 71940
h 188264 71149 36497
v 141713 140035 53260
v 90119 172031 59522
v 189869 38753 59609
h 29395 181375 55209
h 185378 111575 85546
h 120573 72219 93290
h 37046 64133 41617
h 33908 23118 67217
h 5641 70903 46956
v 31164 161232 80167
v 173075 84648 80857
h 62513 10350 35516
h 72463 48894 2484
v 68605 74270 12083
v 12996 97460 15977
h 25751 25971 36622
v 80649 55716 79388
v 22354 44306 1257
v 99046 120164 30213
h 161186 142486 11947
v 194396 86098 27704
v 144780 66410 95575
h 24212 117521 92742
h 20172 105939 37885
h 1616 9136 59713
v 134418 158509 72230
h 175335 177185 41678
v 83737 11986 89996
h 10075 34029 50018
h 126864 72508 97544
v 152783 150809 2882
h 177108 53033 1675
v 167363 93171 2858
v 87820 59668 65838
h 173741 26966 63698
h 102421 65333 42709
h 136750 133993 18305
h 52838 144151 55262
v 16121 152264 45773
h 159128 54956 68088
h 110926 160956 13992
v 108284 8638 63454
v 110157 67078 46091
v 71648 131534 12496
h 195691 119121 83994
h 58058 45926 10938
h 34691 172297 40372
h 93793 128682 30836
v 45604 160684 1523
v 170598 180412 25140
v 125189 93502 67970
h 109481 40022 10206
v 83625 85886 97065
v 50703 113363 42918
v 150526 58966 42407
h 199300 49682 3706
h 86795 199709 68602
h 130701 95892 94489
h 65556 57894 56696
h 192418 186215 61465
v 169962 75766 5563
h 125502 183530 56659
v 96516 195312 77581
v 173403 78811 59285
v 49609 168783 33144
h 46053 176314 88224
h 66277 109993 47842
h 163456 144729 50286
h 119796 67081 8629
h 15742 98287 85460
v 116488 171853 40801
v 45613 186850 89949
v 122259 26473 26369
h 184276 120327 20566
h 33635 25194 36173
h 53431 30250 9940
h 42692 76971 13044
h 83556 80195 50969
h 36055 94229 11405
h 192689 76708 41116
v 115242 43716 19856
h 20093 3733 12372
h 128923 117271 67637
h 15649 106057 11093
