20000 10000
10000
9999
9998
9997
9996
9995
9994
9993
9992
9991
9990
9989
9988
9987
9986
9985
9984
9983
9982
9981
9980
9979
9978
9977
9976
9975
9974
9973
9972
9971
9970
9969
9968
9967
9966
9965
9964
9963
9962
9961
9960
9959
9958
9957
9956
9955
9954
9953
9952
9951
9950
9949
9948
9947
9946
9945
9944
9943
9942
9941
9940
9939
9938
9937
9936
9935
9934
9933
9932
9931
9930
9929
9928
9927
9926
9925
9924
9923
9922
9921
9920
9919
9918
9917
9916
9915
9914
9913
9912
9911
9910
9909
9908
9907
9906
9905
9904
9903
9902
9901
9900
9899
9898
9897
9896
9895
9894
9893
9892
9891
9890
9889
9888
9887
9886
9885
9884
9883
9882
9881
9880
9879
9878
9877
9876
9875
9874
9873
9872
9871
9870
9869
9868
9867
9866
9865
9864
9863
9862
9861
9860
9859
9858
9857
9856
9855
9854
9853
9852
9851
9850
9849
9848
9847
9846
9845
9844
9843
9842
9841
9840
9839
9838
9837
9836
9835
9834
9833
9832
9831
9830
9829
9828
9827
9826
9825
9824
9823
9822
9821
9820
9819
9818
9817
9816
9815
9814
9813
9812
9811
9810
9809
9808
9807
9806
9805
9804
9803
9802
9801
9800
9799
9798
9797
9796
9795
9794
9793
9792
9791
9790
9789
9788
9787
9786
9785
9784
9783
9782
9781
9780
9779
9778
9777
9776
9775
9774
9773
9772
9771
9770
9769
9768
9767
9766
9765
9764
9763
9762
9761
9760
9759
9758
9757
9756
9755
9754
9753
9752
9751
9750
9749
9748
9747
9746
9745
9744
9743
9742
9741
9740
9739
9738
9737
9736
9735
9734
9733
9732
9731
9730
9729
9728
9727
9726
9725
9724
9723
9722
9721
9720
9719
9718
9717
9716
9715
9714
9713
9712
9711
9710
9709
9708
9707
9706
9705
9704
9703
9702
9701
9700
9699
9698
9697
9696
9695
9694
9693
9692
9691
9690
9689
9688
9687
9686
9685
9684
9683
9682
9681
9680
9679
9678
9677
9676
9675
9674
9673
9672
9671
9670
9669
9668
9667
9666
9665
9664
9663
9662
9661
9660
9659
9658
9657
9656
9655
9654
9653
9652
9651
9650
9649
9648
9647
9646
9645
9644
9643
9642
9641
9640
9639
9638
9637
9636
9635
9634
9633
9632
9631
9630
9629
9628
9627
9626
9625
9624
9623
9622
9621
9620
9619
9618
9617
9616
9615
9614
9613
9612
9611
9610
9609
9608
9607
9606
9605
9604
9603
9602
9601
9600
9599
9598
9597
9596
9595
9594
9593
9592
9591
9590
9589
9588
9587
9586
9585
9584
9583
9582
9581
9580
9579
9578
9577
9576
9575
9574
9573
9572
9571
9570
9569
9568
9567
9566
9565
9564
9563
9562
9561
9560
9559
9558
9557
9556
9555
9554
9553
9552
9551
9550
9549
9548
9547
9546
9545
9544
9543
9542
9541
9540
9539
9538
9537
9536
9535
9534
9533
9532
9531
9530
9529
9528
9527
9526
9525
9524
9523
9522
9521
9520
9519
9518
9517
9516
9515
9514
9513
9512
9511
9510
9509
9508
9507
9506
9505
9504
9503
9502
9501
9500
9499
9498
9497
9496
9495
9494
9493
9492
9491
9490
9489
9488
9487
9486
9485
9484
9483
9482
9481
9480
9479
9478
9477
9476
9475
9474
9473
9472
9471
9470
9469
9468
9467
9466
9465
9464
9463
9462
9461
9460
9459
9458
9457
9456
9455
9454
9453
9452
9451
9450
9449
9448
9447
9446
9445
9444
9443
9442
9441
9440
9439
9438
9437
9436
9435
9434
9433
9432
9431
9430
9429
9428
9427
9426
9425
9424
9423
9422
9421
9420
9419
9418
9417
9416
9415
9414
9413
9412
9411
9410
9409
9408
9407
9406
9405
9404
9403
9402
9401
9400
9399
9398
9397
9396
9395
9394
9393
9392
9391
9390
9389
9388
9387
9386
9385
9384
9383
9382
9381
9380
9379
9378
9377
9376
9375
9374
9373
9372
9371
9370
9369
9368
9367
9366
9365
9364
9363
9362
9361
9360
9359
9358
9357
9356
9355
9354
9353
9352
9351
9350
9349
9348
9347
9346
9345
9344
9343
9342
9341
9340
9339
9338
9337
9336
9335
9334
9333
9332
9331
9330
9329
9328
9327
9326
9325
9324
9323
9322
9321
9320
9319
9318
9317
9316
9315
9314
9313
9312
9311
9310
9309
9308
9307
9306
9305
9304
9303
9302
9301
9300
9299
9298
9297
9296
9295
9294
9293
9292
9291
9290
9289
9288
9287
9286
9285
9284
9283
9282
9281
9280
9279
9278
9277
9276
9275
9274
9273
9272
9271
9270
9269
9268
9267
9266
9265
9264
9263
9262
9261
9260
9259
9258
9257
9256
9255
9254
9253
9252
9251
9250
9249
9248
9247
9246
9245
9244
9243
9242
9241
9240
9239
9238
9237
9236
9235
9234
9233
9232
9231
9230
9229
9228
9227
9226
9225
9224
9223
9222
9221
9220
9219
9218
9217
9216
9215
9214
9213
9212
9211
9210
9209
9208
9207
9206
9205
9204
9203
9202
9201
9200
9199
9198
9197
9196
9195
9194
9193
9192
9191
9190
9189
9188
9187
9186
9185
9184
9183
9182
9181
9180
9179
9178
9177
9176
9175
9174
9173
9172
9171
9170
9169
9168
9167
9166
9165
9164
9163
9162
9161
9160
9159
9158
9157
9156
9155
9154
9153
9152
9151
9150
9149
9148
9147
9146
9145
9144
9143
9142
9141
9140
9139
9138
9137
9136
9135
9134
9133
9132
9131
9130
9129
9128
9127
9126
9125
9124
9123
9122
9121
9120
9119
9118
9117
9116
9115
9114
9113
9112
9111
9110
9109
9108
9107
9106
9105
9104
9103
9102
9101
9100
9099
9098
9097
9096
9095
9094
9093
9092
9091
9090
9089
9088
9087
9086
9085
9084
9083
9082
9081
9080
9079
9078
9077
9076
9075
9074
9073
9072
9071
9070
9069
9068
9067
9066
9065
9064
9063
9062
9061
9060
9059
9058
9057
9056
9055
9054
9053
9052
9051
9050
9049
9048
9047
9046
9045
9044
9043
9042
9041
9040
9039
9038
9037
9036
9035
9034
9033
9032
9031
9030
9029
9028
9027
9026
9025
9024
9023
9022
9021
9020
9019
9018
9017
9016
9015
9014
9013
9012
9011
9010
9009
9008
9007
9006
9005
9004
9003
9002
9001
9000
8999
8998
8997
8996
8995
8994
8993
8992
8991
8990
8989
8988
8987
8986
8985
8984
8983
8982
8981
8980
8979
8978
8977
8976
8975
8974
8973
8972
8971
8970
8969
8968
8967
8966
8965
8964
8963
8962
8961
8960
8959
8958
8957
8956
8955
8954
8953
8952
8951
8950
8949
8948
8947
8946
8945
8944
8943
8942
8941
8940
8939
8938
8937
8936
8935
8934
8933
8932
8931
8930
8929
8928
8927
8926
8925
8924
8923
8922
8921
8920
8919
8918
8917
8916
8915
8914
8913
8912
8911
8910
8909
8908
8907
8906
8905
8904
8903
8902
8901
8900
8899
8898
8897
8896
8895
8894
8893
8892
8891
8890
8889
8888
8887
8886
8885
8884
8883
8882
8881
8880
8879
8878
8877
8876
8875
8874
8873
8872
8871
8870
8869
8868
8867
8866
8865
8864
8863
8862
8861
8860
8859
8858
8857
8856
8855
8854
8853
8852
8851
8850
8849
8848
8847
8846
8845
8844
8843
8842
8841
8840
8839
8838
8837
8836
8835
8834
8833
8832
8831
8830
8829
8828
8827
8826
8825
8824
8823
8822
8821
8820
8819
8818
8817
8816
8815
8814
8813
8812
8811
8810
8809
8808
8807
8806
8805
8804
8803
8802
8801
8800
8799
8798
8797
8796
8795
8794
8793
8792
8791
8790
8789
8788
8787
8786
8785
8784
8783
8782
8781
8780
8779
8778
8777
8776
8775
8774
8773
8772
8771
8770
8769
8768
8767
8766
8765
8764
8763
8762
8761
8760
8759
8758
8757
8756
8755
8754
8753
8752
8751
8750
8749
8748
8747
8746
8745
8744
8743
8742
8741
8740
8739
8738
8737
8736
8735
8734
8733
8732
8731
8730
8729
8728
8727
8726
8725
8724
8723
8722
8721
8720
8719
8718
8717
8716
8715
8714
8713
8712
8711
8710
8709
8708
8707
8706
8705
8704
8703
8702
8701
8700
8699
8698
8697
8696
8695
8694
8693
8692
8691
8690
8689
8688
8687
8686
8685
8684
8683
8682
8681
8680
8679
8678
8677
8676
8675
8674
8673
8672
8671
8670
8669
8668
8667
8666
8665
8664
8663
8662
8661
8660
8659
8658
8657
8656
8655
8654
8653
8652
8651
8650
8649
8648
8647
8646
8645
8644
8643
8642
8641
8640
8639
8638
8637
8636
8635
8634
8633
8632
8631
8630
8629
8628
8627
8626
8625
8624
8623
8622
8621
8620
8619
8618
8617
8616
8615
8614
8613
8612
8611
8610
8609
8608
8607
8606
8605
8604
8603
8602
8601
8600
8599
8598
8597
8596
8595
8594
8593
8592
8591
8590
8589
8588
8587
8586
8585
8584
8583
8582
8581
8580
8579
8578
8577
8576
8575
8574
8573
8572
8571
8570
8569
8568
8567
8566
8565
8564
8563
8562
8561
8560
8559
8558
8557
8556
8555
8554
8553
8552
8551
8550
8549
8548
8547
8546
8545
8544
8543
8542
8541
8540
8539
8538
8537
8536
8535
8534
8533
8532
8531
8530
8529
8528
8527
8526
8525
8524
8523
8522
8521
8520
8519
8518
8517
8516
8515
8514
8513
8512
8511
8510
8509
8508
8507
8506
8505
8504
8503
8502
8501
8500
8499
8498
8497
8496
8495
8494
8493
8492
8491
8490
8489
8488
8487
8486
8485
8484
8483
8482
8481
8480
8479
8478
8477
8476
8475
8474
8473
8472
8471
8470
8469
8468
8467
8466
8465
8464
8463
8462
8461
8460
8459
8458
8457
8456
8455
8454
8453
8452
8451
8450
8449
8448
8447
8446
8445
8444
8443
8442
8441
8440
8439
8438
8437
8436
8435
8434
8433
8432
8431
8430
8429
8428
8427
8426
8425
8424
8423
8422
8421
8420
8419
8418
8417
8416
8415
8414
8413
8412
8411
8410
8409
8408
8407
8406
8405
8404
8403
8402
8401
8400
8399
8398
8397
8396
8395
8394
8393
8392
8391
8390
8389
8388
8387
8386
8385
8384
8383
8382
8381
8380
8379
8378
8377
8376
8375
8374
8373
8372
8371
8370
8369
8368
8367
8366
8365
8364
8363
8362
8361
8360
8359
8358
8357
8356
8355
8354
8353
8352
8351
8350
8349
8348
8347
8346
8345
8344
8343
8342
8341
8340
8339
8338
8337
8336
8335
8334
8333
8332
8331
8330
8329
8328
8327
8326
8325
8324
8323
8322
8321
8320
8319
8318
8317
8316
8315
8314
8313
8312
8311
8310
8309
8308
8307
8306
8305
8304
8303
8302
8301
8300
8299
8298
8297
8296
8295
8294
8293
8292
8291
8290
8289
8288
8287
8286
8285
8284
8283
8282
8281
8280
8279
8278
8277
8276
8275
8274
8273
8272
8271
8270
8269
8268
8267
8266
8265
8264
8263
8262
8261
8260
8259
8258
8257
8256
8255
8254
8253
8252
8251
8250
8249
8248
8247
8246
8245
8244
8243
8242
8241
8240
8239
8238
8237
8236
8235
8234
8233
8232
8231
8230
8229
8228
8227
8226
8225
8224
8223
8222
8221
8220
8219
8218
8217
8216
8215
8214
8213
8212
8211
8210
8209
8208
8207
8206
8205
8204
8203
8202
8201
8200
8199
8198
8197
8196
8195
8194
8193
8192
8191
8190
8189
8188
8187
8186
8185
8184
8183
8182
8181
8180
8179
8178
8177
8176
8175
8174
8173
8172
8171
8170
8169
8168
8167
8166
8165
8164
8163
8162
8161
8160
8159
8158
8157
8156
8155
8154
8153
8152
8151
8150
8149
8148
8147
8146
8145
8144
8143
8142
8141
8140
8139
8138
8137
8136
8135
8134
8133
8132
8131
8130
8129
8128
8127
8126
8125
8124
8123
8122
8121
8120
8119
8118
8117
8116
8115
8114
8113
8112
8111
8110
8109
8108
8107
8106
8105
8104
8103
8102
8101
8100
8099
8098
8097
8096
8095
8094
8093
8092
8091
8090
8089
8088
8087
8086
8085
8084
8083
8082
8081
8080
8079
8078
8077
8076
8075
8074
8073
8072
8071
8070
8069
8068
8067
8066
8065
8064
8063
8062
8061
8060
8059
8058
8057
8056
8055
8054
8053
8052
8051
8050
8049
8048
8047
8046
8045
8044
8043
8042
8041
8040
8039
8038
8037
8036
8035
8034
8033
8032
8031
8030
8029
8028
8027
8026
8025
8024
8023
8022
8021
8020
8019
8018
8017
8016
8015
8014
8013
8012
8011
8010
8009
8008
8007
8006
8005
8004
8003
8002
8001
8000
7999
7998
7997
7996
7995
7994
7993
7992
7991
7990
7989
7988
7987
7986
7985
7984
7983
7982
7981
7980
7979
7978
7977
7976
7975
7974
7973
7972
7971
7970
7969
7968
7967
7966
7965
7964
7963
7962
7961
7960
7959
7958
7957
7956
7955
7954
7953
7952
7951
7950
7949
7948
7947
7946
7945
7944
7943
7942
7941
7940
7939
7938
7937
7936
7935
7934
7933
7932
7931
7930
7929
7928
7927
7926
7925
7924
7923
7922
7921
7920
7919
7918
7917
7916
7915
7914
7913
7912
7911
7910
7909
7908
7907
7906
7905
7904
7903
7902
7901
7900
7899
7898
7897
7896
7895
7894
7893
7892
7891
7890
7889
7888
7887
7886
7885
7884
7883
7882
7881
7880
7879
7878
7877
7876
7875
7874
7873
7872
7871
7870
7869
7868
7867
7866
7865
7864
7863
7862
7861
7860
7859
7858
7857
7856
7855
7854
7853
7852
7851
7850
7849
7848
7847
7846
7845
7844
7843
7842
7841
7840
7839
7838
7837
7836
7835
7834
7833
7832
7831
7830
7829
7828
7827
7826
7825
7824
7823
7822
7821
7820
7819
7818
7817
7816
7815
7814
7813
7812
7811
7810
7809
7808
7807
7806
7805
7804
7803
7802
7801
7800
7799
7798
7797
7796
7795
7794
7793
7792
7791
7790
7789
7788
7787
7786
7785
7784
7783
7782
7781
7780
7779
7778
7777
7776
7775
7774
7773
7772
7771
7770
7769
7768
7767
7766
7765
7764
7763
7762
7761
7760
7759
7758
7757
7756
7755
7754
7753
7752
7751
7750
7749
7748
7747
7746
7745
7744
7743
7742
7741
7740
7739
7738
7737
7736
7735
7734
7733
7732
7731
7730
7729
7728
7727
7726
7725
7724
7723
7722
7721
7720
7719
7718
7717
7716
7715
7714
7713
7712
7711
7710
7709
7708
7707
7706
7705
7704
7703
7702
7701
7700
7699
7698
7697
7696
7695
7694
7693
7692
7691
7690
7689
7688
7687
7686
7685
7684
7683
7682
7681
7680
7679
7678
7677
7676
7675
7674
7673
7672
7671
7670
7669
7668
7667
7666
7665
7664
7663
7662
7661
7660
7659
7658
7657
7656
7655
7654
7653
7652
7651
7650
7649
7648
7647
7646
7645
7644
7643
7642
7641
7640
7639
7638
7637
7636
7635
7634
7633
7632
7631
7630
7629
7628
7627
7626
7625
7624
7623
7622
7621
7620
7619
7618
7617
7616
7615
7614
7613
7612
7611
7610
7609
7608
7607
7606
7605
7604
7603
7602
7601
7600
7599
7598
7597
7596
7595
7594
7593
7592
7591
7590
7589
7588
7587
7586
7585
7584
7583
7582
7581
7580
7579
7578
7577
7576
7575
7574
7573
7572
7571
7570
7569
7568
7567
7566
7565
7564
7563
7562
7561
7560
7559
7558
7557
7556
7555
7554
7553
7552
7551
7550
7549
7548
7547
7546
7545
7544
7543
7542
7541
7540
7539
7538
7537
7536
7535
7534
7533
7532
7531
7530
7529
7528
7527
7526
7525
7524
7523
7522
7521
7520
7519
7518
7517
7516
7515
7514
7513
7512
7511
7510
7509
7508
7507
7506
7505
7504
7503
7502
7501
7500
7499
7498
7497
7496
7495
7494
7493
7492
7491
7490
7489
7488
7487
7486
7485
7484
7483
7482
7481
7480
7479
7478
7477
7476
7475
7474
7473
7472
7471
7470
7469
7468
7467
7466
7465
7464
7463
7462
7461
7460
7459
7458
7457
7456
7455
7454
7453
7452
7451
7450
7449
7448
7447
7446
7445
7444
7443
7442
7441
7440
7439
7438
7437
7436
7435
7434
7433
7432
7431
7430
7429
7428
7427
7426
7425
7424
7423
7422
7421
7420
7419
7418
7417
7416
7415
7414
7413
7412
7411
7410
7409
7408
7407
7406
7405
7404
7403
7402
7401
7400
7399
7398
7397
7396
7395
7394
7393
7392
7391
7390
7389
7388
7387
7386
7385
7384
7383
7382
7381
7380
7379
7378
7377
7376
7375
7374
7373
7372
7371
7370
7369
7368
7367
7366
7365
7364
7363
7362
7361
7360
7359
7358
7357
7356
7355
7354
7353
7352
7351
7350
7349
7348
7347
7346
7345
7344
7343
7342
7341
7340
7339
7338
7337
7336
7335
7334
7333
7332
7331
7330
7329
7328
7327
7326
7325
7324
7323
7322
7321
7320
7319
7318
7317
7316
7315
7314
7313
7312
7311
7310
7309
7308
7307
7306
7305
7304
7303
7302
7301
7300
7299
7298
7297
7296
7295
7294
7293
7292
7291
7290
7289
7288
7287
7286
7285
7284
7283
7282
7281
7280
7279
7278
7277
7276
7275
7274
7273
7272
7271
7270
7269
7268
7267
7266
7265
7264
7263
7262
7261
7260
7259
7258
7257
7256
7255
7254
7253
7252
7251
7250
7249
7248
7247
7246
7245
7244
7243
7242
7241
7240
7239
7238
7237
7236
7235
7234
7233
7232
7231
7230
7229
7228
7227
7226
7225
7224
7223
7222
7221
7220
7219
7218
7217
7216
7215
7214
7213
7212
7211
7210
7209
7208
7207
7206
7205
7204
7203
7202
7201
7200
7199
7198
7197
7196
7195
7194
7193
7192
7191
7190
7189
7188
7187
7186
7185
7184
7183
7182
7181
7180
7179
7178
7177
7176
7175
7174
7173
7172
7171
7170
7169
7168
7167
7166
7165
7164
7163
7162
7161
7160
7159
7158
7157
7156
7155
7154
7153
7152
7151
7150
7149
7148
7147
7146
7145
7144
7143
7142
7141
7140
7139
7138
7137
7136
7135
7134
7133
7132
7131
7130
7129
7128
7127
7126
7125
7124
7123
7122
7121
7120
7119
7118
7117
7116
7115
7114
7113
7112
7111
7110
7109
7108
7107
7106
7105
7104
7103
7102
7101
7100
7099
7098
7097
7096
7095
7094
7093
7092
7091
7090
7089
7088
7087
7086
7085
7084
7083
7082
7081
7080
7079
7078
7077
7076
7075
7074
7073
7072
7071
7070
7069
7068
7067
7066
7065
7064
7063
7062
7061
7060
7059
7058
7057
7056
7055
7054
7053
7052
7051
7050
7049
7048
7047
7046
7045
7044
7043
7042
7041
7040
7039
7038
7037
7036
7035
7034
7033
7032
7031
7030
7029
7028
7027
7026
7025
7024
7023
7022
7021
7020
7019
7018
7017
7016
7015
7014
7013
7012
7011
7010
7009
7008
7007
7006
7005
7004
7003
7002
7001
7000
6999
6998
6997
6996
6995
6994
6993
6992
6991
6990
6989
6988
6987
6986
6985
6984
6983
6982
6981
6980
6979
6978
6977
6976
6975
6974
6973
6972
6971
6970
6969
6968
6967
6966
6965
6964
6963
6962
6961
6960
6959
6958
6957
6956
6955
6954
6953
6952
6951
6950
6949
6948
6947
6946
6945
6944
6943
6942
6941
6940
6939
6938
6937
6936
6935
6934
6933
6932
6931
6930
6929
6928
6927
6926
6925
6924
6923
6922
6921
6920
6919
6918
6917
6916
6915
6914
6913
6912
6911
6910
6909
6908
6907
6906
6905
6904
6903
6902
6901
6900
6899
6898
6897
6896
6895
6894
6893
6892
6891
6890
6889
6888
6887
6886
6885
6884
6883
6882
6881
6880
6879
6878
6877
6876
6875
6874
6873
6872
6871
6870
6869
6868
6867
6866
6865
6864
6863
6862
6861
6860
6859
6858
6857
6856
6855
6854
6853
6852
6851
6850
6849
6848
6847
6846
6845
6844
6843
6842
6841
6840
6839
6838
6837
6836
6835
6834
6833
6832
6831
6830
6829
6828
6827
6826
6825
6824
6823
6822
6821
6820
6819
6818
6817
6816
6815
6814
6813
6812
6811
6810
6809
6808
6807
6806
6805
6804
6803
6802
6801
6800
6799
6798
6797
6796
6795
6794
6793
6792
6791
6790
6789
6788
6787
6786
6785
6784
6783
6782
6781
6780
6779
6778
6777
6776
6775
6774
6773
6772
6771
6770
6769
6768
6767
6766
6765
6764
6763
6762
6761
6760
6759
6758
6757
6756
6755
6754
6753
6752
6751
6750
6749
6748
6747
6746
6745
6744
6743
6742
6741
6740
6739
6738
6737
6736
6735
6734
6733
6732
6731
6730
6729
6728
6727
6726
6725
6724
6723
6722
6721
6720
6719
6718
6717
6716
6715
6714
6713
6712
6711
6710
6709
6708
6707
6706
6705
6704
6703
6702
6701
6700
6699
6698
6697
6696
6695
6694
6693
6692
6691
6690
6689
6688
6687
6686
6685
6684
6683
6682
6681
6680
6679
6678
6677
6676
6675
6674
6673
6672
6671
6670
6669
6668
6667
6666
6665
6664
6663
6662
6661
6660
6659
6658
6657
6656
6655
6654
6653
6652
6651
6650
6649
6648
6647
6646
6645
6644
6643
6642
6641
6640
6639
6638
6637
6636
6635
6634
6633
6632
6631
6630
6629
6628
6627
6626
6625
6624
6623
6622
6621
6620
6619
6618
6617
6616
6615
6614
6613
6612
6611
6610
6609
6608
6607
6606
6605
6604
6603
6602
6601
6600
6599
6598
6597
6596
6595
6594
6593
6592
6591
6590
6589
6588
6587
6586
6585
6584
6583
6582
6581
6580
6579
6578
6577
6576
6575
6574
6573
6572
6571
6570
6569
6568
6567
6566
6565
6564
6563
6562
6561
6560
6559
6558
6557
6556
6555
6554
6553
6552
6551
6550
6549
6548
6547
6546
6545
6544
6543
6542
6541
6540
6539
6538
6537
6536
6535
6534
6533
6532
6531
6530
6529
6528
6527
6526
6525
6524
6523
6522
6521
6520
6519
6518
6517
6516
6515
6514
6513
6512
6511
6510
6509
6508
6507
6506
6505
6504
6503
6502
6501
6500
6499
6498
6497
6496
6495
6494
6493
6492
6491
6490
6489
6488
6487
6486
6485
6484
6483
6482
6481
6480
6479
6478
6477
6476
6475
6474
6473
6472
6471
6470
6469
6468
6467
6466
6465
6464
6463
6462
6461
6460
6459
6458
6457
6456
6455
6454
6453
6452
6451
6450
6449
6448
6447
6446
6445
6444
6443
6442
6441
6440
6439
6438
6437
6436
6435
6434
6433
6432
6431
6430
6429
6428
6427
6426
6425
6424
6423
6422
6421
6420
6419
6418
6417
6416
6415
6414
6413
6412
6411
6410
6409
6408
6407
6406
6405
6404
6403
6402
6401
6400
6399
6398
6397
6396
6395
6394
6393
6392
6391
6390
6389
6388
6387
6386
6385
6384
6383
6382
6381
6380
6379
6378
6377
6376
6375
6374
6373
6372
6371
6370
6369
6368
6367
6366
6365
6364
6363
6362
6361
6360
6359
6358
6357
6356
6355
6354
6353
6352
6351
6350
6349
6348
6347
6346
6345
6344
6343
6342
6341
6340
6339
6338
6337
6336
6335
6334
6333
6332
6331
6330
6329
6328
6327
6326
6325
6324
6323
6322
6321
6320
6319
6318
6317
6316
6315
6314
6313
6312
6311
6310
6309
6308
6307
6306
6305
6304
6303
6302
6301
6300
6299
6298
6297
6296
6295
6294
6293
6292
6291
6290
6289
6288
6287
6286
6285
6284
6283
6282
6281
6280
6279
6278
6277
6276
6275
6274
6273
6272
6271
6270
6269
6268
6267
6266
6265
6264
6263
6262
6261
6260
6259
6258
6257
6256
6255
6254
6253
6252
6251
6250
6249
6248
6247
6246
6245
6244
6243
6242
6241
6240
6239
6238
6237
6236
6235
6234
6233
6232
6231
6230
6229
6228
6227
6226
6225
6224
6223
6222
6221
6220
6219
6218
6217
6216
6215
6214
6213
6212
6211
6210
6209
6208
6207
6206
6205
6204
6203
6202
6201
6200
6199
6198
6197
6196
6195
6194
6193
6192
6191
6190
6189
6188
6187
6186
6185
6184
6183
6182
6181
6180
6179
6178
6177
6176
6175
6174
6173
6172
6171
6170
6169
6168
6167
6166
6165
6164
6163
6162
6161
6160
6159
6158
6157
6156
6155
6154
6153
6152
6151
6150
6149
6148
6147
6146
6145
6144
6143
6142
6141
6140
6139
6138
6137
6136
6135
6134
6133
6132
6131
6130
6129
6128
6127
6126
6125
6124
6123
6122
6121
6120
6119
6118
6117
6116
6115
6114
6113
6112
6111
6110
6109
6108
6107
6106
6105
6104
6103
6102
6101
6100
6099
6098
6097
6096
6095
6094
6093
6092
6091
6090
6089
6088
6087
6086
6085
6084
6083
6082
6081
6080
6079
6078
6077
6076
6075
6074
6073
6072
6071
6070
6069
6068
6067
6066
6065
6064
6063
6062
6061
6060
6059
6058
6057
6056
6055
6054
6053
6052
6051
6050
6049
6048
6047
6046
6045
6044
6043
6042
6041
6040
6039
6038
6037
6036
6035
6034
6033
6032
6031
6030
6029
6028
6027
6026
6025
6024
6023
6022
6021
6020
6019
6018
6017
6016
6015
6014
6013
6012
6011
6010
6009
6008
6007
6006
6005
6004
6003
6002
6001
6000
5999
5998
5997
5996
5995
5994
5993
5992
5991
5990
5989
5988
5987
5986
5985
5984
5983
5982
5981
5980
5979
5978
5977
5976
5975
5974
5973
5972
5971
5970
5969
5968
5967
5966
5965
5964
5963
5962
5961
5960
5959
5958
5957
5956
5955
5954
5953
5952
5951
5950
5949
5948
5947
5946
5945
5944
5943
5942
5941
5940
5939
5938
5937
5936
5935
5934
5933
5932
5931
5930
5929
5928
5927
5926
5925
5924
5923
5922
5921
5920
5919
5918
5917
5916
5915
5914
5913
5912
5911
5910
5909
5908
5907
5906
5905
5904
5903
5902
5901
5900
5899
5898
5897
5896
5895
5894
5893
5892
5891
5890
5889
5888
5887
5886
5885
5884
5883
5882
5881
5880
5879
5878
5877
5876
5875
5874
5873
5872
5871
5870
5869
5868
5867
5866
5865
5864
5863
5862
5861
5860
5859
5858
5857
5856
5855
5854
5853
5852
5851
5850
5849
5848
5847
5846
5845
5844
5843
5842
5841
5840
5839
5838
5837
5836
5835
5834
5833
5832
5831
5830
5829
5828
5827
5826
5825
5824
5823
5822
5821
5820
5819
5818
5817
5816
5815
5814
5813
5812
5811
5810
5809
5808
5807
5806
5805
5804
5803
5802
5801
5800
5799
5798
5797
5796
5795
5794
5793
5792
5791
5790
5789
5788
5787
5786
5785
5784
5783
5782
5781
5780
5779
5778
5777
5776
5775
5774
5773
5772
5771
5770
5769
5768
5767
5766
5765
5764
5763
5762
5761
5760
5759
5758
5757
5756
5755
5754
5753
5752
5751
5750
5749
5748
5747
5746
5745
5744
5743
5742
5741
5740
5739
5738
5737
5736
5735
5734
5733
5732
5731
5730
5729
5728
5727
5726
5725
5724
5723
5722
5721
5720
5719
5718
5717
5716
5715
5714
5713
5712
5711
5710
5709
5708
5707
5706
5705
5704
5703
5702
5701
5700
5699
5698
5697
5696
5695
5694
5693
5692
5691
5690
5689
5688
5687
5686
5685
5684
5683
5682
5681
5680
5679
5678
5677
5676
5675
5674
5673
5672
5671
5670
5669
5668
5667
5666
5665
5664
5663
5662
5661
5660
5659
5658
5657
5656
5655
5654
5653
5652
5651
5650
5649
5648
5647
5646
5645
5644
5643
5642
5641
5640
5639
5638
5637
5636
5635
5634
5633
5632
5631
5630
5629
5628
5627
5626
5625
5624
5623
5622
5621
5620
5619
5618
5617
5616
5615
5614
5613
5612
5611
5610
5609
5608
5607
5606
5605
5604
5603
5602
5601
5600
5599
5598
5597
5596
5595
5594
5593
5592
5591
5590
5589
5588
5587
5586
5585
5584
5583
5582
5581
5580
5579
5578
5577
5576
5575
5574
5573
5572
5571
5570
5569
5568
5567
5566
5565
5564
5563
5562
5561
5560
5559
5558
5557
5556
5555
5554
5553
5552
5551
5550
5549
5548
5547
5546
5545
5544
5543
5542
5541
5540
5539
5538
5537
5536
5535
5534
5533
5532
5531
5530
5529
5528
5527
5526
5525
5524
5523
5522
5521
5520
5519
5518
5517
5516
5515
5514
5513
5512
5511
5510
5509
5508
5507
5506
5505
5504
5503
5502
5501
5500
5499
5498
5497
5496
5495
5494
5493
5492
5491
5490
5489
5488
5487
5486
5485
5484
5483
5482
5481
5480
5479
5478
5477
5476
5475
5474
5473
5472
5471
5470
5469
5468
5467
5466
5465
5464
5463
5462
5461
5460
5459
5458
5457
5456
5455
5454
5453
5452
5451
5450
5449
5448
5447
5446
5445
5444
5443
5442
5441
5440
5439
5438
5437
5436
5435
5434
5433
5432
5431
5430
5429
5428
5427
5426
5425
5424
5423
5422
5421
5420
5419
5418
5417
5416
5415
5414
5413
5412
5411
5410
5409
5408
5407
5406
5405
5404
5403
5402
5401
5400
5399
5398
5397
5396
5395
5394
5393
5392
5391
5390
5389
5388
5387
5386
5385
5384
5383
5382
5381
5380
5379
5378
5377
5376
5375
5374
5373
5372
5371
5370
5369
5368
5367
5366
5365
5364
5363
5362
5361
5360
5359
5358
5357
5356
5355
5354
5353
5352
5351
5350
5349
5348
5347
5346
5345
5344
5343
5342
5341
5340
5339
5338
5337
5336
5335
5334
5333
5332
5331
5330
5329
5328
5327
5326
5325
5324
5323
5322
5321
5320
5319
5318
5317
5316
5315
5314
5313
5312
5311
5310
5309
5308
5307
5306
5305
5304
5303
5302
5301
5300
5299
5298
5297
5296
5295
5294
5293
5292
5291
5290
5289
5288
5287
5286
5285
5284
5283
5282
5281
5280
5279
5278
5277
5276
5275
5274
5273
5272
5271
5270
5269
5268
5267
5266
5265
5264
5263
5262
5261
5260
5259
5258
5257
5256
5255
5254
5253
5252
5251
5250
5249
5248
5247
5246
5245
5244
5243
5242
5241
5240
5239
5238
5237
5236
5235
5234
5233
5232
5231
5230
5229
5228
5227
5226
5225
5224
5223
5222
5221
5220
5219
5218
5217
5216
5215
5214
5213
5212
5211
5210
5209
5208
5207
5206
5205
5204
5203
5202
5201
5200
5199
5198
5197
5196
5195
5194
5193
5192
5191
5190
5189
5188
5187
5186
5185
5184
5183
5182
5181
5180
5179
5178
5177
5176
5175
5174
5173
5172
5171
5170
5169
5168
5167
5166
5165
5164
5163
5162
5161
5160
5159
5158
5157
5156
5155
5154
5153
5152
5151
5150
5149
5148
5147
5146
5145
5144
5143
5142
5141
5140
5139
5138
5137
5136
5135
5134
5133
5132
5131
5130
5129
5128
5127
5126
5125
5124
5123
5122
5121
5120
5119
5118
5117
5116
5115
5114
5113
5112
5111
5110
5109
5108
5107
5106
5105
5104
5103
5102
5101
5100
5099
5098
5097
5096
5095
5094
5093
5092
5091
5090
5089
5088
5087
5086
5085
5084
5083
5082
5081
5080
5079
5078
5077
5076
5075
5074
5073
5072
5071
5070
5069
5068
5067
5066
5065
5064
5063
5062
5061
5060
5059
5058
5057
5056
5055
5054
5053
5052
5051
5050
5049
5048
5047
5046
5045
5044
5043
5042
5041
5040
5039
5038
5037
5036
5035
5034
5033
5032
5031
5030
5029
5028
5027
5026
5025
5024
5023
5022
5021
5020
5019
5018
5017
5016
5015
5014
5013
5012
5011
5010
5009
5008
5007
5006
5005
5004
5003
5002
5001
5000
4999
4998
4997
4996
4995
4994
4993
4992
4991
4990
4989
4988
4987
4986
4985
4984
4983
4982
4981
4980
4979
4978
4977
4976
4975
4974
4973
4972
4971
4970
4969
4968
4967
4966
4965
4964
4963
4962
4961
4960
4959
4958
4957
4956
4955
4954
4953
4952
4951
4950
4949
4948
4947
4946
4945
4944
4943
4942
4941
4940
4939
4938
4937
4936
4935
4934
4933
4932
4931
4930
4929
4928
4927
4926
4925
4924
4923
4922
4921
4920
4919
4918
4917
4916
4915
4914
4913
4912
4911
4910
4909
4908
4907
4906
4905
4904
4903
4902
4901
4900
4899
4898
4897
4896
4895
4894
4893
4892
4891
4890
4889
4888
4887
4886
4885
4884
4883
4882
4881
4880
4879
4878
4877
4876
4875
4874
4873
4872
4871
4870
4869
4868
4867
4866
4865
4864
4863
4862
4861
4860
4859
4858
4857
4856
4855
4854
4853
4852
4851
4850
4849
4848
4847
4846
4845
4844
4843
4842
4841
4840
4839
4838
4837
4836
4835
4834
4833
4832
4831
4830
4829
4828
4827
4826
4825
4824
4823
4822
4821
4820
4819
4818
4817
4816
4815
4814
4813
4812
4811
4810
4809
4808
4807
4806
4805
4804
4803
4802
4801
4800
4799
4798
4797
4796
4795
4794
4793
4792
4791
4790
4789
4788
4787
4786
4785
4784
4783
4782
4781
4780
4779
4778
4777
4776
4775
4774
4773
4772
4771
4770
4769
4768
4767
4766
4765
4764
4763
4762
4761
4760
4759
4758
4757
4756
4755
4754
4753
4752
4751
4750
4749
4748
4747
4746
4745
4744
4743
4742
4741
4740
4739
4738
4737
4736
4735
4734
4733
4732
4731
4730
4729
4728
4727
4726
4725
4724
4723
4722
4721
4720
4719
4718
4717
4716
4715
4714
4713
4712
4711
4710
4709
4708
4707
4706
4705
4704
4703
4702
4701
4700
4699
4698
4697
4696
4695
4694
4693
4692
4691
4690
4689
4688
4687
4686
4685
4684
4683
4682
4681
4680
4679
4678
4677
4676
4675
4674
4673
4672
4671
4670
4669
4668
4667
4666
4665
4664
4663
4662
4661
4660
4659
4658
4657
4656
4655
4654
4653
4652
4651
4650
4649
4648
4647
4646
4645
4644
4643
4642
4641
4640
4639
4638
4637
4636
4635
4634
4633
4632
4631
4630
4629
4628
4627
4626
4625
4624
4623
4622
4621
4620
4619
4618
4617
4616
4615
4614
4613
4612
4611
4610
4609
4608
4607
4606
4605
4604
4603
4602
4601
4600
4599
4598
4597
4596
4595
4594
4593
4592
4591
4590
4589
4588
4587
4586
4585
4584
4583
4582
4581
4580
4579
4578
4577
4576
4575
4574
4573
4572
4571
4570
4569
4568
4567
4566
4565
4564
4563
4562
4561
4560
4559
4558
4557
4556
4555
4554
4553
4552
4551
4550
4549
4548
4547
4546
4545
4544
4543
4542
4541
4540
4539
4538
4537
4536
4535
4534
4533
4532
4531
4530
4529
4528
4527
4526
4525
4524
4523
4522
4521
4520
4519
4518
4517
4516
4515
4514
4513
4512
4511
4510
4509
4508
4507
4506
4505
4504
4503
4502
4501
4500
4499
4498
4497
4496
4495
4494
4493
4492
4491
4490
4489
4488
4487
4486
4485
4484
4483
4482
4481
4480
4479
4478
4477
4476
4475
4474
4473
4472
4471
4470
4469
4468
4467
4466
4465
4464
4463
4462
4461
4460
4459
4458
4457
4456
4455
4454
4453
4452
4451
4450
4449
4448
4447
4446
4445
4444
4443
4442
4441
4440
4439
4438
4437
4436
4435
4434
4433
4432
4431
4430
4429
4428
4427
4426
4425
4424
4423
4422
4421
4420
4419
4418
4417
4416
4415
4414
4413
4412
4411
4410
4409
4408
4407
4406
4405
4404
4403
4402
4401
4400
4399
4398
4397
4396
4395
4394
4393
4392
4391
4390
4389
4388
4387
4386
4385
4384
4383
4382
4381
4380
4379
4378
4377
4376
4375
4374
4373
4372
4371
4370
4369
4368
4367
4366
4365
4364
4363
4362
4361
4360
4359
4358
4357
4356
4355
4354
4353
4352
4351
4350
4349
4348
4347
4346
4345
4344
4343
4342
4341
4340
4339
4338
4337
4336
4335
4334
4333
4332
4331
4330
4329
4328
4327
4326
4325
4324
4323
4322
4321
4320
4319
4318
4317
4316
4315
4314
4313
4312
4311
4310
4309
4308
4307
4306
4305
4304
4303
4302
4301
4300
4299
4298
4297
4296
4295
4294
4293
4292
4291
4290
4289
4288
4287
4286
4285
4284
4283
4282
4281
4280
4279
4278
4277
4276
4275
4274
4273
4272
4271
4270
4269
4268
4267
4266
4265
4264
4263
4262
4261
4260
4259
4258
4257
4256
4255
4254
4253
4252
4251
4250
4249
4248
4247
4246
4245
4244
4243
4242
4241
4240
4239
4238
4237
4236
4235
4234
4233
4232
4231
4230
4229
4228
4227
4226
4225
4224
4223
4222
4221
4220
4219
4218
4217
4216
4215
4214
4213
4212
4211
4210
4209
4208
4207
4206
4205
4204
4203
4202
4201
4200
4199
4198
4197
4196
4195
4194
4193
4192
4191
4190
4189
4188
4187
4186
4185
4184
4183
4182
4181
4180
4179
4178
4177
4176
4175
4174
4173
4172
4171
4170
4169
4168
4167
4166
4165
4164
4163
4162
4161
4160
4159
4158
4157
4156
4155
4154
4153
4152
4151
4150
4149
4148
4147
4146
4145
4144
4143
4142
4141
4140
4139
4138
4137
4136
4135
4134
4133
4132
4131
4130
4129
4128
4127
4126
4125
4124
4123
4122
4121
4120
4119
4118
4117
4116
4115
4114
4113
4112
4111
4110
4109
4108
4107
4106
4105
4104
4103
4102
4101
4100
4099
4098
4097
4096
4095
4094
4093
4092
4091
4090
4089
4088
4087
4086
4085
4084
4083
4082
4081
4080
4079
4078
4077
4076
4075
4074
4073
4072
4071
4070
4069
4068
4067
4066
4065
4064
4063
4062
4061
4060
4059
4058
4057
4056
4055
4054
4053
4052
4051
4050
4049
4048
4047
4046
4045
4044
4043
4042
4041
4040
4039
4038
4037
4036
4035
4034
4033
4032
4031
4030
4029
4028
4027
4026
4025
4024
4023
4022
4021
4020
4019
4018
4017
4016
4015
4014
4013
4012
4011
4010
4009
4008
4007
4006
4005
4004
4003
4002
4001
4000
3999
3998
3997
3996
3995
3994
3993
3992
3991
3990
3989
3988
3987
3986
3985
3984
3983
3982
3981
3980
3979
3978
3977
3976
3975
3974
3973
3972
3971
3970
3969
3968
3967
3966
3965
3964
3963
3962
3961
3960
3959
3958
3957
3956
3955
3954
3953
3952
3951
3950
3949
3948
3947
3946
3945
3944
3943
3942
3941
3940
3939
3938
3937
3936
3935
3934
3933
3932
3931
3930
3929
3928
3927
3926
3925
3924
3923
3922
3921
3920
3919
3918
3917
3916
3915
3914
3913
3912
3911
3910
3909
3908
3907
3906
3905
3904
3903
3902
3901
3900
3899
3898
3897
3896
3895
3894
3893
3892
3891
3890
3889
3888
3887
3886
3885
3884
3883
3882
3881
3880
3879
3878
3877
3876
3875
3874
3873
3872
3871
3870
3869
3868
3867
3866
3865
3864
3863
3862
3861
3860
3859
3858
3857
3856
3855
3854
3853
3852
3851
3850
3849
3848
3847
3846
3845
3844
3843
3842
3841
3840
3839
3838
3837
3836
3835
3834
3833
3832
3831
3830
3829
3828
3827
3826
3825
3824
3823
3822
3821
3820
3819
3818
3817
3816
3815
3814
3813
3812
3811
3810
3809
3808
3807
3806
3805
3804
3803
3802
3801
3800
3799
3798
3797
3796
3795
3794
3793
3792
3791
3790
3789
3788
3787
3786
3785
3784
3783
3782
3781
3780
3779
3778
3777
3776
3775
3774
3773
3772
3771
3770
3769
3768
3767
3766
3765
3764
3763
3762
3761
3760
3759
3758
3757
3756
3755
3754
3753
3752
3751
3750
3749
3748
3747
3746
3745
3744
3743
3742
3741
3740
3739
3738
3737
3736
3735
3734
3733
3732
3731
3730
3729
3728
3727
3726
3725
3724
3723
3722
3721
3720
3719
3718
3717
3716
3715
3714
3713
3712
3711
3710
3709
3708
3707
3706
3705
3704
3703
3702
3701
3700
3699
3698
3697
3696
3695
3694
3693
3692
3691
3690
3689
3688
3687
3686
3685
3684
3683
3682
3681
3680
3679
3678
3677
3676
3675
3674
3673
3672
3671
3670
3669
3668
3667
3666
3665
3664
3663
3662
3661
3660
3659
3658
3657
3656
3655
3654
3653
3652
3651
3650
3649
3648
3647
3646
3645
3644
3643
3642
3641
3640
3639
3638
3637
3636
3635
3634
3633
3632
3631
3630
3629
3628
3627
3626
3625
3624
3623
3622
3621
3620
3619
3618
3617
3616
3615
3614
3613
3612
3611
3610
3609
3608
3607
3606
3605
3604
3603
3602
3601
3600
3599
3598
3597
3596
3595
3594
3593
3592
3591
3590
3589
3588
3587
3586
3585
3584
3583
3582
3581
3580
3579
3578
3577
3576
3575
3574
3573
3572
3571
3570
3569
3568
3567
3566
3565
3564
3563
3562
3561
3560
3559
3558
3557
3556
3555
3554
3553
3552
3551
3550
3549
3548
3547
3546
3545
3544
3543
3542
3541
3540
3539
3538
3537
3536
3535
3534
3533
3532
3531
3530
3529
3528
3527
3526
3525
3524
3523
3522
3521
3520
3519
3518
3517
3516
3515
3514
3513
3512
3511
3510
3509
3508
3507
3506
3505
3504
3503
3502
3501
3500
3499
3498
3497
3496
3495
3494
3493
3492
3491
3490
3489
3488
3487
3486
3485
3484
3483
3482
3481
3480
3479
3478
3477
3476
3475
3474
3473
3472
3471
3470
3469
3468
3467
3466
3465
3464
3463
3462
3461
3460
3459
3458
3457
3456
3455
3454
3453
3452
3451
3450
3449
3448
3447
3446
3445
3444
3443
3442
3441
3440
3439
3438
3437
3436
3435
3434
3433
3432
3431
3430
3429
3428
3427
3426
3425
3424
3423
3422
3421
3420
3419
3418
3417
3416
3415
3414
3413
3412
3411
3410
3409
3408
3407
3406
3405
3404
3403
3402
3401
3400
3399
3398
3397
3396
3395
3394
3393
3392
3391
3390
3389
3388
3387
3386
3385
3384
3383
3382
3381
3380
3379
3378
3377
3376
3375
3374
3373
3372
3371
3370
3369
3368
3367
3366
3365
3364
3363
3362
3361
3360
3359
3358
3357
3356
3355
3354
3353
3352
3351
3350
3349
3348
3347
3346
3345
3344
3343
3342
3341
3340
3339
3338
3337
3336
3335
3334
3333
3332
3331
3330
3329
3328
3327
3326
3325
3324
3323
3322
3321
3320
3319
3318
3317
3316
3315
3314
3313
3312
3311
3310
3309
3308
3307
3306
3305
3304
3303
3302
3301
3300
3299
3298
3297
3296
3295
3294
3293
3292
3291
3290
3289
3288
3287
3286
3285
3284
3283
3282
3281
3280
3279
3278
3277
3276
3275
3274
3273
3272
3271
3270
3269
3268
3267
3266
3265
3264
3263
3262
3261
3260
3259
3258
3257
3256
3255
3254
3253
3252
3251
3250
3249
3248
3247
3246
3245
3244
3243
3242
3241
3240
3239
3238
3237
3236
3235
3234
3233
3232
3231
3230
3229
3228
3227
3226
3225
3224
3223
3222
3221
3220
3219
3218
3217
3216
3215
3214
3213
3212
3211
3210
3209
3208
3207
3206
3205
3204
3203
3202
3201
3200
3199
3198
3197
3196
3195
3194
3193
3192
3191
3190
3189
3188
3187
3186
3185
3184
3183
3182
3181
3180
3179
3178
3177
3176
3175
3174
3173
3172
3171
3170
3169
3168
3167
3166
3165
3164
3163
3162
3161
3160
3159
3158
3157
3156
3155
3154
3153
3152
3151
3150
3149
3148
3147
3146
3145
3144
3143
3142
3141
3140
3139
3138
3137
3136
3135
3134
3133
3132
3131
3130
3129
3128
3127
3126
3125
3124
3123
3122
3121
3120
3119
3118
3117
3116
3115
3114
3113
3112
3111
3110
3109
3108
3107
3106
3105
3104
3103
3102
3101
3100
3099
3098
3097
3096
3095
3094
3093
3092
3091
3090
3089
3088
3087
3086
3085
3084
3083
3082
3081
3080
3079
3078
3077
3076
3075
3074
3073
3072
3071
3070
3069
3068
3067
3066
3065
3064
3063
3062
3061
3060
3059
3058
3057
3056
3055
3054
3053
3052
3051
3050
3049
3048
3047
3046
3045
3044
3043
3042
3041
3040
3039
3038
3037
3036
3035
3034
3033
3032
3031
3030
3029
3028
3027
3026
3025
3024
3023
3022
3021
3020
3019
3018
3017
3016
3015
3014
3013
3012
3011
3010
3009
3008
3007
3006
3005
3004
3003
3002
3001
3000
2999
2998
2997
2996
2995
2994
2993
2992
2991
2990
2989
2988
2987
2986
2985
2984
2983
2982
2981
2980
2979
2978
2977
2976
2975
2974
2973
2972
2971
2970
2969
2968
2967
2966
2965
2964
2963
2962
2961
2960
2959
2958
2957
2956
2955
2954
2953
2952
2951
2950
2949
2948
2947
2946
2945
2944
2943
2942
2941
2940
2939
2938
2937
2936
2935
2934
2933
2932
2931
2930
2929
2928
2927
2926
2925
2924
2923
2922
2921
2920
2919
2918
2917
2916
2915
2914
2913
2912
2911
2910
2909
2908
2907
2906
2905
2904
2903
2902
2901
2900
2899
2898
2897
2896
2895
2894
2893
2892
2891
2890
2889
2888
2887
2886
2885
2884
2883
2882
2881
2880
2879
2878
2877
2876
2875
2874
2873
2872
2871
2870
2869
2868
2867
2866
2865
2864
2863
2862
2861
2860
2859
2858
2857
2856
2855
2854
2853
2852
2851
2850
2849
2848
2847
2846
2845
2844
2843
2842
2841
2840
2839
2838
2837
2836
2835
2834
2833
2832
2831
2830
2829
2828
2827
2826
2825
2824
2823
2822
2821
2820
2819
2818
2817
2816
2815
2814
2813
2812
2811
2810
2809
2808
2807
2806
2805
2804
2803
2802
2801
2800
2799
2798
2797
2796
2795
2794
2793
2792
2791
2790
2789
2788
2787
2786
2785
2784
2783
2782
2781
2780
2779
2778
2777
2776
2775
2774
2773
2772
2771
2770
2769
2768
2767
2766
2765
2764
2763
2762
2761
2760
2759
2758
2757
2756
2755
2754
2753
2752
2751
2750
2749
2748
2747
2746
2745
2744
2743
2742
2741
2740
2739
2738
2737
2736
2735
2734
2733
2732
2731
2730
2729
2728
2727
2726
2725
2724
2723
2722
2721
2720
2719
2718
2717
2716
2715
2714
2713
2712
2711
2710
2709
2708
2707
2706
2705
2704
2703
2702
2701
2700
2699
2698
2697
2696
2695
2694
2693
2692
2691
2690
2689
2688
2687
2686
2685
2684
2683
2682
2681
2680
2679
2678
2677
2676
2675
2674
2673
2672
2671
2670
2669
2668
2667
2666
2665
2664
2663
2662
2661
2660
2659
2658
2657
2656
2655
2654
2653
2652
2651
2650
2649
2648
2647
2646
2645
2644
2643
2642
2641
2640
2639
2638
2637
2636
2635
2634
2633
2632
2631
2630
2629
2628
2627
2626
2625
2624
2623
2622
2621
2620
2619
2618
2617
2616
2615
2614
2613
2612
2611
2610
2609
2608
2607
2606
2605
2604
2603
2602
2601
2600
2599
2598
2597
2596
2595
2594
2593
2592
2591
2590
2589
2588
2587
2586
2585
2584
2583
2582
2581
2580
2579
2578
2577
2576
2575
2574
2573
2572
2571
2570
2569
2568
2567
2566
2565
2564
2563
2562
2561
2560
2559
2558
2557
2556
2555
2554
2553
2552
2551
2550
2549
2548
2547
2546
2545
2544
2543
2542
2541
2540
2539
2538
2537
2536
2535
2534
2533
2532
2531
2530
2529
2528
2527
2526
2525
2524
2523
2522
2521
2520
2519
2518
2517
2516
2515
2514
2513
2512
2511
2510
2509
2508
2507
2506
2505
2504
2503
2502
2501
2500
2499
2498
2497
2496
2495
2494
2493
2492
2491
2490
2489
2488
2487
2486
2485
2484
2483
2482
2481
2480
2479
2478
2477
2476
2475
2474
2473
2472
2471
2470
2469
2468
2467
2466
2465
2464
2463
2462
2461
2460
2459
2458
2457
2456
2455
2454
2453
2452
2451
2450
2449
2448
2447
2446
2445
2444
2443
2442
2441
2440
2439
2438
2437
2436
2435
2434
2433
2432
2431
2430
2429
2428
2427
2426
2425
2424
2423
2422
2421
2420
2419
2418
2417
2416
2415
2414
2413
2412
2411
2410
2409
2408
2407
2406
2405
2404
2403
2402
2401
2400
2399
2398
2397
2396
2395
2394
2393
2392
2391
2390
2389
2388
2387
2386
2385
2384
2383
2382
2381
2380
2379
2378
2377
2376
2375
2374
2373
2372
2371
2370
2369
2368
2367
2366
2365
2364
2363
2362
2361
2360
2359
2358
2357
2356
2355
2354
2353
2352
2351
2350
2349
2348
2347
2346
2345
2344
2343
2342
2341
2340
2339
2338
2337
2336
2335
2334
2333
2332
2331
2330
2329
2328
2327
2326
2325
2324
2323
2322
2321
2320
2319
2318
2317
2316
2315
2314
2313
2312
2311
2310
2309
2308
2307
2306
2305
2304
2303
2302
2301
2300
2299
2298
2297
2296
2295
2294
2293
2292
2291
2290
2289
2288
2287
2286
2285
2284
2283
2282
2281
2280
2279
2278
2277
2276
2275
2274
2273
2272
2271
2270
2269
2268
2267
2266
2265
2264
2263
2262
2261
2260
2259
2258
2257
2256
2255
2254
2253
2252
2251
2250
2249
2248
2247
2246
2245
2244
2243
2242
2241
2240
2239
2238
2237
2236
2235
2234
2233
2232
2231
2230
2229
2228
2227
2226
2225
2224
2223
2222
2221
2220
2219
2218
2217
2216
2215
2214
2213
2212
2211
2210
2209
2208
2207
2206
2205
2204
2203
2202
2201
2200
2199
2198
2197
2196
2195
2194
2193
2192
2191
2190
2189
2188
2187
2186
2185
2184
2183
2182
2181
2180
2179
2178
2177
2176
2175
2174
2173
2172
2171
2170
2169
2168
2167
2166
2165
2164
2163
2162
2161
2160
2159
2158
2157
2156
2155
2154
2153
2152
2151
2150
2149
2148
2147
2146
2145
2144
2143
2142
2141
2140
2139
2138
2137
2136
2135
2134
2133
2132
2131
2130
2129
2128
2127
2126
2125
2124
2123
2122
2121
2120
2119
2118
2117
2116
2115
2114
2113
2112
2111
2110
2109
2108
2107
2106
2105
2104
2103
2102
2101
2100
2099
2098
2097
2096
2095
2094
2093
2092
2091
2090
2089
2088
2087
2086
2085
2084
2083
2082
2081
2080
2079
2078
2077
2076
2075
2074
2073
2072
2071
2070
2069
2068
2067
2066
2065
2064
2063
2062
2061
2060
2059
2058
2057
2056
2055
2054
2053
2052
2051
2050
2049
2048
2047
2046
2045
2044
2043
2042
2041
2040
2039
2038
2037
2036
2035
2034
2033
2032
2031
2030
2029
2028
2027
2026
2025
2024
2023
2022
2021
2020
2019
2018
2017
2016
2015
2014
2013
2012
2011
2010
2009
2008
2007
2006
2005
2004
2003
2002
2001
2000
1999
1998
1997
1996
1995
1994
1993
1992
1991
1990
1989
1988
1987
1986
1985
1984
1983
1982
1981
1980
1979
1978
1977
1976
1975
1974
1973
1972
1971
1970
1969
1968
1967
1966
1965
1964
1963
1962
1961
1960
1959
1958
1957
1956
1955
1954
1953
1952
1951
1950
1949
1948
1947
1946
1945
1944
1943
1942
1941
1940
1939
1938
1937
1936
1935
1934
1933
1932
1931
1930
1929
1928
1927
1926
1925
1924
1923
1922
1921
1920
1919
1918
1917
1916
1915
1914
1913
1912
1911
1910
1909
1908
1907
1906
1905
1904
1903
1902
1901
1900
1899
1898
1897
1896
1895
1894
1893
1892
1891
1890
1889
1888
1887
1886
1885
1884
1883
1882
1881
1880
1879
1878
1877
1876
1875
1874
1873
1872
1871
1870
1869
1868
1867
1866
1865
1864
1863
1862
1861
1860
1859
1858
1857
1856
1855
1854
1853
1852
1851
1850
1849
1848
1847
1846
1845
1844
1843
1842
1841
1840
1839
1838
1837
1836
1835
1834
1833
1832
1831
1830
1829
1828
1827
1826
1825
1824
1823
1822
1821
1820
1819
1818
1817
1816
1815
1814
1813
1812
1811
1810
1809
1808
1807
1806
1805
1804
1803
1802
1801
1800
1799
1798
1797
1796
1795
1794
1793
1792
1791
1790
1789
1788
1787
1786
1785
1784
1783
1782
1781
1780
1779
1778
1777
1776
1775
1774
1773
1772
1771
1770
1769
1768
1767
1766
1765
1764
1763
1762
1761
1760
1759
1758
1757
1756
1755
1754
1753
1752
1751
1750
1749
1748
1747
1746
1745
1744
1743
1742
1741
1740
1739
1738
1737
1736
1735
1734
1733
1732
1731
1730
1729
1728
1727
1726
1725
1724
1723
1722
1721
1720
1719
1718
1717
1716
1715
1714
1713
1712
1711
1710
1709
1708
1707
1706
1705
1704
1703
1702
1701
1700
1699
1698
1697
1696
1695
1694
1693
1692
1691
1690
1689
1688
1687
1686
1685
1684
1683
1682
1681
1680
1679
1678
1677
1676
1675
1674
1673
1672
1671
1670
1669
1668
1667
1666
1665
1664
1663
1662
1661
1660
1659
1658
1657
1656
1655
1654
1653
1652
1651
1650
1649
1648
1647
1646
1645
1644
1643
1642
1641
1640
1639
1638
1637
1636
1635
1634
1633
1632
1631
1630
1629
1628
1627
1626
1625
1624
1623
1622
1621
1620
1619
1618
1617
1616
1615
1614
1613
1612
1611
1610
1609
1608
1607
1606
1605
1604
1603
1602
1601
1600
1599
1598
1597
1596
1595
1594
1593
1592
1591
1590
1589
1588
1587
1586
1585
1584
1583
1582
1581
1580
1579
1578
1577
1576
1575
1574
1573
1572
1571
1570
1569
1568
1567
1566
1565
1564
1563
1562
1561
1560
1559
1558
1557
1556
1555
1554
1553
1552
1551
1550
1549
1548
1547
1546
1545
1544
1543
1542
1541
1540
1539
1538
1537
1536
1535
1534
1533
1532
1531
1530
1529
1528
1527
1526
1525
1524
1523
1522
1521
1520
1519
1518
1517
1516
1515
1514
1513
1512
1511
1510
1509
1508
1507
1506
1505
1504
1503
1502
1501
1500
1499
1498
1497
1496
1495
1494
1493
1492
1491
1490
1489
1488
1487
1486
1485
1484
1483
1482
1481
1480
1479
1478
1477
1476
1475
1474
1473
1472
1471
1470
1469
1468
1467
1466
1465
1464
1463
1462
1461
1460
1459
1458
1457
1456
1455
1454
1453
1452
1451
1450
1449
1448
1447
1446
1445
1444
1443
1442
1441
1440
1439
1438
1437
1436
1435
1434
1433
1432
1431
1430
1429
1428
1427
1426
1425
1424
1423
1422
1421
1420
1419
1418
1417
1416
1415
1414
1413
1412
1411
1410
1409
1408
1407
1406
1405
1404
1403
1402
1401
1400
1399
1398
1397
1396
1395
1394
1393
1392
1391
1390
1389
1388
1387
1386
1385
1384
1383
1382
1381
1380
1379
1378
1377
1376
1375
1374
1373
1372
1371
1370
1369
1368
1367
1366
1365
1364
1363
1362
1361
1360
1359
1358
1357
1356
1355
1354
1353
1352
1351
1350
1349
1348
1347
1346
1345
1344
1343
1342
1341
1340
1339
1338
1337
1336
1335
1334
1333
1332
1331
1330
1329
1328
1327
1326
1325
1324
1323
1322
1321
1320
1319
1318
1317
1316
1315
1314
1313
1312
1311
1310
1309
1308
1307
1306
1305
1304
1303
1302
1301
1300
1299
1298
1297
1296
1295
1294
1293
1292
1291
1290
1289
1288
1287
1286
1285
1284
1283
1282
1281
1280
1279
1278
1277
1276
1275
1274
1273
1272
1271
1270
1269
1268
1267
1266
1265
1264
1263
1262
1261
1260
1259
1258
1257
1256
1255
1254
1253
1252
1251
1250
1249
1248
1247
1246
1245
1244
1243
1242
1241
1240
1239
1238
1237
1236
1235
1234
1233
1232
1231
1230
1229
1228
1227
1226
1225
1224
1223
1222
1221
1220
1219
1218
1217
1216
1215
1214
1213
1212
1211
1210
1209
1208
1207
1206
1205
1204
1203
1202
1201
1200
1199
1198
1197
1196
1195
1194
1193
1192
1191
1190
1189
1188
1187
1186
1185
1184
1183
1182
1181
1180
1179
1178
1177
1176
1175
1174
1173
1172
1171
1170
1169
1168
1167
1166
1165
1164
1163
1162
1161
1160
1159
1158
1157
1156
1155
1154
1153
1152
1151
1150
1149
1148
1147
1146
1145
1144
1143
1142
1141
1140
1139
1138
1137
1136
1135
1134
1133
1132
1131
1130
1129
1128
1127
1126
1125
1124
1123
1122
1121
1120
1119
1118
1117
1116
1115
1114
1113
1112
1111
1110
1109
1108
1107
1106
1105
1104
1103
1102
1101
1100
1099
1098
1097
1096
1095
1094
1093
1092
1091
1090
1089
1088
1087
1086
1085
1084
1083
1082
1081
1080
1079
1078
1077
1076
1075
1074
1073
1072
1071
1070
1069
1068
1067
1066
1065
1064
1063
1062
1061
1060
1059
1058
1057
1056
1055
1054
1053
1052
1051
1050
1049
1048
1047
1046
1045
1044
1043
1042
1041
1040
1039
1038
1037
1036
1035
1034
1033
1032
1031
1030
1029
1028
1027
1026
1025
1024
1023
1022
1021
1020
1019
1018
1017
1016
1015
1014
1013
1012
1011
1010
1009
1008
1007
1006
1005
1004
1003
1002
1001
1000
999
998
997
996
995
994
993
992
991
990
989
988
987
986
985
984
983
982
981
980
979
978
977
976
975
974
973
972
971
970
969
968
967
966
965
964
963
962
961
960
959
958
957
956
955
954
953
952
951
950
949
948
947
946
945
944
943
942
941
940
939
938
937
936
935
934
933
932
931
930
929
928
927
926
925
924
923
922
921
920
919
918
917
916
915
914
913
912
911
910
909
908
907
906
905
904
903
902
901
900
899
898
897
896
895
894
893
892
891
890
889
888
887
886
885
884
883
882
881
880
879
878
877
876
875
874
873
872
871
870
869
868
867
866
865
864
863
862
861
860
859
858
857
856
855
854
853
852
851
850
849
848
847
846
845
844
843
842
841
840
839
838
837
836
835
834
833
832
831
830
829
828
827
826
825
824
823
822
821
820
819
818
817
816
815
814
813
812
811
810
809
808
807
806
805
804
803
802
801
800
799
798
797
796
795
794
793
792
791
790
789
788
787
786
785
784
783
782
781
780
779
778
777
776
775
774
773
772
771
770
769
768
767
766
765
764
763
762
761
760
759
758
757
756
755
754
753
752
751
750
749
748
747
746
745
744
743
742
741
740
739
738
737
736
735
734
733
732
731
730
729
728
727
726
725
724
723
722
721
720
719
718
717
716
715
714
713
712
711
710
709
708
707
706
705
704
703
702
701
700
699
698
697
696
695
694
693
692
691
690
689
688
687
686
685
684
683
682
681
680
679
678
677
676
675
674
673
672
671
670
669
668
667
666
665
664
663
662
661
660
659
658
657
656
655
654
653
652
651
650
649
648
647
646
645
644
643
642
641
640
639
638
637
636
635
634
633
632
631
630
629
628
627
626
625
624
623
622
621
620
619
618
617
616
615
614
613
612
611
610
609
608
607
606
605
604
603
602
601
600
599
598
597
596
595
594
593
592
591
590
589
588
587
586
585
584
583
582
581
580
579
578
577
576
575
574
573
572
571
570
569
568
567
566
565
564
563
562
561
560
559
558
557
556
555
554
553
552
551
550
549
548
547
546
545
544
543
542
541
540
539
538
537
536
535
534
533
532
531
530
529
528
527
526
525
524
523
522
521
520
519
518
517
516
515
514
513
512
511
510
509
508
507
506
505
504
503
502
501
500
499
498
497
496
495
494
493
492
491
490
489
488
487
486
485
484
483
482
481
480
479
478
477
476
475
474
473
472
471
470
469
468
467
466
465
464
463
462
461
460
459
458
457
456
455
454
453
452
451
450
449
448
447
446
445
444
443
442
441
440
439
438
437
436
435
434
433
432
431
430
429
428
427
426
425
424
423
422
421
420
419
418
417
416
415
414
413
412
411
410
409
408
407
406
405
404
403
402
401
400
399
398
397
396
395
394
393
392
391
390
389
388
387
386
385
384
383
382
381
380
379
378
377
376
375
374
373
372
371
370
369
368
367
366
365
364
363
362
361
360
359
358
357
356
355
354
353
352
351
350
349
348
347
346
345
344
343
342
341
340
339
338
337
336
335
334
333
332
331
330
329
328
327
326
325
324
323
322
321
320
319
318
317
316
315
314
313
312
311
310
309
308
307
306
305
304
303
302
301
300
299
298
297
296
295
294
293
292
291
290
289
288
287
286
285
284
283
282
281
280
279
278
277
276
275
274
273
272
271
270
269
268
267
266
265
264
263
262
261
260
259
258
257
256
255
254
253
252
251
250
249
248
247
246
245
244
243
242
241
240
239
238
237
236
235
234
233
232
231
230
229
228
227
226
225
224
223
222
221
220
219
218
217
216
215
214
213
212
211
210
209
208
207
206
205
204
203
202
201
200
199
198
197
196
195
194
193
192
191
190
189
188
187
186
185
184
183
182
181
180
179
178
177
176
175
174
173
172
171
170
169
168
167
166
165
164
163
162
161
160
159
158
157
156
155
154
153
152
151
150
149
148
147
146
145
144
143
142
141
140
139
138
137
136
135
134
133
132
131
130
129
128
127
126
125
124
123
122
121
120
119
118
117
116
115
114
113
112
111
110
109
108
107
106
105
104
103
102
101
100
99
98
97
96
95
94
93
92
91
90
89
88
87
86
85
84
83
82
81
80
79
78
77
76
75
74
73
72
71
70
69
68
67
66
65
64
63
62
61
60
59
58
57
56
55
54
53
52
51
50
49
48
47
46
45
44
43
42
41
40
39
38
37
36
35
34
33
32
31
30
29
28
27
26
25
24
23
22
21
20
19
18
17
16
15
14
13
12
11
10
9
8
7
6
5
4
3
2
1
8815
2373
7350
9674
8784
7864
5409
3715
1892
6501
951
2268
1982
936
9966
6783
78
7891
2085
2538
1729
3167
9376
3603
8634
5298
5999
2091
1570
9028
7845
5558
2240
3012
2324
8858
1380
8334
610
2625
3133
724
3104
4987
8753
7790
8934
5363
9694
6812
9382
5224
3091
87
5623
5728
4927
5589
2749
3127
4443
5727
4282
827
593
6640
6159
9992
9030
3305
3179
5501
8821
472
8256
9872
8028
8040
9434
7346
8685
9198
7694
3495
5499
5820
1316
1387
686
3884
8320
4217
5328
902
5620
1238
7128
1623
2621
506
5735
9796
3553
9083
1164
5150
9654
1615
3274
1611
2135
8254
1765
6120
4568
6334
6304
6382
8918
9608
5992
9814
11
8803
654
7541
5812
6197
3802
4206
5000
402
7646
2811
2962
29
4153
9855
4363
2742
6740
9310
5981
9888
4355
9108
1552
3698
1886
3634
9389
353
7561
3535
9513
6282
2166
6114
5815
9222
5831
7386
8361
8950
3471
251
4470
3558
8508
2186
4899
5687
8857
3644
3467
3552
7608
3328
7415
4885
738
5445
8875
8264
3555
3721
9883
7612
8375
7516
8882
8148
5954
2162
2468
8470
8987
2075
4069
6041
5106
5193
283
5677
495
7651
4702
973
677
661
9512
1465
8153
7618
2943
7839
4363
9202
9427
9230
6367
1524
2146
514
3437
6174
359
178
654
8737
6797
6533
1872
1446
1506
9436
3075
6729
5268
7915
5200
7651
8330
9789
7514
2564
3349
5076
4372
9232
7495
295
8960
5762
9498
9151
2793
4718
7595
7095
3329
3859
2906
2256
9162
3247
6413
4714
1518
8483
2856
5487
7010
3341
183
8064
3183
9746
2346
541
9697
7388
7200
8251
2215
167
742
2963
7241
9153
7168
9043
7081
6183
9066
3017
8611
3969
8989
5637
5064
5573
7700
4149
80
1990
3086
3003
9994
2871
9532
8893
6901
4099
34
7711
8292
1975
2052
7907
1878
7682
5073
4691
8109
5762
9602
9585
461
5534
8077
8869
930
6570
1803
5412
7688
5677
779
1034
4347
8847
6238
9854
7689
2819
7420
7657
8670
6201
2712
3163
1587
3522
1549
5691
8764
9422
2785
1003
4372
7014
491
5608
5823
9823
1938
6235
5808
1784
9926
9096
1899
3488
2453
5619
4570
4817
4156
1967
2705
6639
3140
7506
8667
5449
2976
7872
1666
478
7143
5850
8696
9376
3561
4388
306
5337
1454
1112
3732
359
5471
9988
6867
8991
1288
9717
2511
7614
8788
8255
6549
2362
9215
863
5195
5739
9446
4505
2928
7705
2826
2445
3244
1352
2076
9711
1014
9646
5861
6862
6917
6372
9161
7304
7922
8158
5984
2312
1550
2046
5896
38
7416
4730
7877
6078
5103
477
2987
6643
9481
8568
3002
3001
512
1444
4652
1493
5722
8707
7209
5107
7058
1840
6235
4926
5686
381
4450
6953
5401
2958
5281
7218
8201
9912
9029
5863
999
7259
1462
5531
5498
1714
296
6717
402
1064
4512
341
6267
3798
2253
7451
4383
2849
5270
6094
6842
4388
6350
3770
1025
8534
3084
9890
7450
1912
8718
9948
696
5273
3122
2081
2919
3717
3267
6828
3402
3802
9673
3633
4315
5420
9406
8353
7186
6445
6201
7046
9827
2740
7720
4111
4184
3264
9808
462
9684
1096
8616
7427
8482
2762
6832
8422
1086
5079
7923
6583
7255
5833
7560
7435
4986
209
9489
690
3574
2421
1497
224
7144
3090
8132
1628
5966
9533
256
9104
1071
3242
6777
9293
6107
6874
2955
6521
465
499
9278
9184
2100
2452
9020
9229
3329
5861
5259
9024
450
4977
5504
2055
9263
1199
5390
4806
5292
2852
384
7513
5448
4084
4695
6181
8505
888
9900
8868
5486
8386
7940
6662
9091
5742
6763
6463
8645
9054
4733
5558
4715
9267
6955
302
5130
712
2771
5943
2399
5719
6065
5998
5705
4370
5643
6291
9232
3831
1342
6242
1468
4642
6752
2699
7486
8379
3203
5924
1669
1388
3302
3790
1704
7828
9634
5979
4278
4687
3804
1565
8291
5112
8778
8887
5506
430
9306
8520
644
7469
9091
7535
662
5695
2458
4398
5224
8566
2729
8927
9596
8329
9628
4860
5844
1892
6221
4848
5535
3885
9580
9295
5180
8615
3193
3251
6373
5242
7700
5780
3788
5690
6645
6656
2380
5793
7417
7996
7971
1099
3376
7330
3959
6157
336
1595
8536
2582
283
3472
7338
6819
3616
6164
2894
4178
1687
5956
5116
5020
7381
3514
3027
1261
8387
1498
2239
3554
6353
3524
1642
9570
2921
5361
6368
1929
8492
5249
8273
6987
1441
4854
4645
6557
9242
3369
6265
8508
764
4025
6616
6298
2945
8410
394
4974
9460
9986
5496
2777
3143
3411
3404
4698
4383
2277
7087
1445
870
9937
7972
4125
8697
8629
7451
9286
4543
2474
8492
9096
4391
3327
6958
8525
6812
2307
4663
2174
1300
8179
9493
2509
2646
31
6151
3800
5945
828
1474
224
9010
9763
4545
5786
6925
844
5907
9632
9822
8056
5481
4872
9255
588
1921
7173
306
6298
157
1667
7837
5458
195
1366
2570
7203
1461
6383
287
6560
9265
2483
9064
3648
5687
7254
1525
8295
7034
7740
2623
1799
6166
496
6919
3714
5811
2347
1018
27
276
2012
7351
1778
7840
1120
379
630
6023
882
8333
2918
1711
3134
5429
2849
8895
2922
6247
2438
8049
3110
5271
3035
3798
9283
7910
5440
5653
7903
1461
1182
754
196
5006
1986
6679
4537
241
2281
6546
7521
2412
7188
1574
7775
3173
6174
7714
1779
9168
7875
1280
188
9970
722
3217
9758
2707
5305
5731
6078
4015
186
7644
7695
1037
2216
3829
2476
5005
3726
8142
2314
3834
2245
962
5705
4248
7894
207
7787
1847
406
5693
724
6429
1875
9100
845
4651
4932
7479
2621
7157
5076
5021
8911
9605
3353
2215
5242
8234
3411
1186
7190
9878
9131
2025
930
2490
3351
4654
136
6630
9648
19
7876
7031
1442
182
687
9765
1644
9728
7444
7985
1588
7428
7000
3314
6563
2628
3205
1260
2880
1651
1262
5199
5448
5500
6189
2414
7255
7476
8387
7130
1234
2472
7081
4537
8619
4457
4104
8491
5391
4298
5762
6026
3424
2030
2073
8399
5901
9872
1667
290
6939
9926
8219
2640
4570
2106
4983
6790
9687
8384
7492
6865
3573
2088
8679
7338
4620
356
3678
4336
3999
1947
4761
3340
7729
5508
6789
5567
2979
8020
4992
8547
2775
3098
4856
8470
685
1791
6613
8015
4787
7762
7702
1063
4184
6643
7298
7235
6880
8898
9473
4441
1742
3668
759
5904
752
676
4329
1510
8716
9766
4996
8447
3005
5728
5736
7023
4643
5836
9225
8272
7143
1265
4352
6630
601
2193
2993
4769
4718
1818
2390
7057
6234
2341
1884
1295
8706
7819
3744
6083
7147
4887
8589
8820
7686
4083
8983
9764
5636
6798
5863
3475
873
6654
2539
5280
851
9202
9144
7077
1431
677
6149
933
8634
9732
1252
7653
8826
5765
7701
139
6311
2796
9679
2168
260
8866
8211
3760
3692
1319
8530
6006
6407
7852
1668
4833
8490
277
2118
3301
7843
1945
2913
1625
2186
3851
5659
8937
5618
7680
7597
9032
1207
4205
331
6960
2446
1403
5582
4565
7995
778
5255
1242
9954
1227
4895
3674
7227
4503
7675
2527
2297
3053
7533
9719
4060
1650
4780
1473
7305
6591
1065
6787
3815
6886
6189
9972
3084
8323
1002
8529
6016
4796
5175
2870
678
9104
8444
3380
107
3382
9150
9266
2087
4440
5439
5957
5534
2085
5873
6787
7471
5632
6862
5933
5195
533
1149
3658
5913
9701
2442
9506
8475
2593
6613
1988
557
5500
5810
4505
8263
3369
2376
1473
1346
2554
9151
8294
5479
4521
8991
5727
6895
8023
2134
7989
4654
5726
6292
3568
1303
5688
2400
4990
5114
7197
3174
5000
1944
9090
1845
531
4246
15
2372
6108
369
8851
8433
5851
2176
7494
7706
8876
584
1770
7072
9636
978
2001
8082
798
6932
6610
5491
6657
6298
7506
2844
5297
7823
8396
1727
4991
4922
8708
6795
7229
1386
9752
9073
4801
8445
2818
337
8253
5002
4092
1941
9529
743
12
806
4483
2404
1549
2172
323
5434
3196
5098
3728
9759
4203
9807
6743
8935
7016
1136
1637
5779
2592
5300
1150
5099
50
6683
5307
490
579
1505
793
8688
2803
8293
9332
2811
400
3598
317
7203
7488
1015
2861
8541
4202
3348
8417
3749
3632
687
7042
7747
2533
834
5448
7721
6307
5276
190
3887
4071
1820
4170
5165
1182
9868
3193
6252
4397
2610
3265
6624
2760
1405
30
2526
4862
6139
3023
7249
8921
4258
7787
9415
5465
3561
4403
1753
6425
6124
7329
6343
8267
4422
6834
5655
8187
5582
9668
279
127
5862
6295
3933
4017
7932
4175
8673
5524
6993
3725
8924
2067
4652
3096
2383
1871
8853
4416
912
8482
3978
2286
1324
1060
2891
1876
7359
7664
5693
756
2308
2013
2071
4646
277
5205
2263
1466
1275
9727
8134
1776
5615
9826
903
2870
730
6682
6513
2027
3925
9665
7095
4901
7821
2597
6798
3441
7851
1942
9401
4546
8958
8276
1411
3700
9241
3384
8210
4725
3385
8754
8455
7621
6829
1872
7268
6019
457
97
6353
6274
4581
7490
6518
3728
3747
3069
8039
2540
810
3609
7846
2939
9347
5373
1027
424
9180
5747
1882
1625
5939
2408
6675
159
4631
7754
3976
6334
373
4386
7408
7971
109
1374
859
6762
4532
5224
4549
8520
3816
6392
6363
4419
7328
5910
1694
9228
1386
4494
4853
6687
9575
2018
9360
9172
3102
451
4737
892
9435
1670
5782
890
2873
9558
1587
3451
1913
6606
6400
1204
3225
137
996
6853
7671
5037
604
7230
9063
4557
5331
2066
4140
667
8843
5922
2368
1523
6009
6015
5526
7672
6121
9874
384
6385
3830
3000
7917
6527
9275
8683
1100
4887
4262
5338
1193
314
5279
3948
2130
9171
2333
2118
904
5645
6021
6904
2202
2873
3019
5749
679
6451
1730
844
8640
4922
7682
3962
9047
2756
340
5788
9228
9072
5186
82
3829
54
3631
395
2844
8309
7873
6766
2461
8135
3027
5768
188
104
7549
7899
7752
1108
8315
7733
3782
9943
5019
119
5653
2944
1482
8213
5196
6788
8581
9328
4651
5145
5144
2592
7236
4956
2158
8649
5326
5120
800
8405
9469
2481
2473
2588
3538
5473
6354
1336
7066
6254
6819
7654
1505
5768
4941
7311
5541
9186
8595
2314
7832
9348
8187
4495
7381
4240
6786
9059
231
8518
6525
6194
1049
4493
8051
8370
3332
1761
7116
5061
8165
7379
5992
8607
8559
6806
6320
547
973
4961
1510
7272
3556
3074
8474
5337
9469
415
957
7677
5113
6545
5963
2419
5683
4014
4992
872
1936
9213
7293
2606
1783
9590
723
5628
1921
4138
9980
2619
8667
4938
2801
9469
2871
5626
3640
6383
2717
6695
5691
1081
5800
2304
5658
6845
319
2072
9261
8975
6111
8711
7282
2547
2595
6292
3313
3009
2
8671
1816
2245
6620
5768
3456
4288
1489
937
8959
2098
4088
2938
1051
5062
9389
4598
36
3455
4125
9215
3649
3540
3472
8364
8089
4838
3502
7758
9537
9012
4868
4193
4415
9607
5084
7715
547
338
7533
1765
9195
731
3832
6185
1377
5713
5322
5975
8374
6362
9082
3478
1107
3670
2836
5078
1871
4226
2210
1221
3503
4487
7795
2156
9601
9467
71
1554
7062
7616
8224
7379
1582
9311
6852
9045
3529
4319
9158
2993
6665
8875
141
4954
4828
5509
1004
7102
1109
5579
1130
6306
3022
2774
5006
6176
3362
4943
3920
9569
5999
5703
519
9713
4940
8061
4885
937
3130
1026
4033
3715
9355
734
9957
1965
91
8585
1000
2543
1414
6132
5594
827
486
5897
8611
1274
8151
6948
7947
5642
3713
6994
692
3000
9921
9221
4510
7183
3827
2309
4830
7434
5972
8504
3194
3836
2865
4683
6745
8866
2965
9644
5396
1927
4253
2046
7741
2829
7584
4296
2148
9461
7518
9976
7859
1884
5390
5289
5967
949
4555
7221
28
1618
7627
4144
5398
5270
170
4272
9183
8366
5582
7467
4651
7570
5542
9351
4877
267
8509
9471
6991
9817
2557
7540
6451
3004
5939
1671
7805
3038
9804
7435
6257
1083
8412
6723
1436
7321
7191
5455
8852
4621
2429
1534
4975
3391
5828
939
2376
475
5468
5058
2264
2002
2917
5329
2629
5058
5530
8754
2346
4540
7905
6076
544
4398
6665
2321
8513
9978
6154
469
9894
4912
7355
4258
6982
9887
9758
6289
4186
5938
2528
5843
8002
4320
2013
5133
9651
2342
2279
8384
6970
7327
2314
336
5255
2509
1133
7072
8758
1338
1963
4717
521
3635
860
346
5107
4970
8561
3864
7768
2607
7511
1569
2478
8688
7225
8319
7171
6770
9363
9763
6219
7405
908
2887
735
4597
7003
8389
6372
8391
9586
3347
4914
1670
9699
5525
749
6866
8979
46
1199
2488
3595
5368
2270
341
3791
4296
9501
3362
7066
9759
9726
6111
8287
7076
638
6154
6829
9346
4358
4399
8209
361
1578
6748
5118
7185
8726
2367
2692
9348
481
5966
3302
2843
9396
1645
2958
9026
7805
4215
954
2626
956
4168
6089
912
4957
4296
1337
1218
5813
7886
7138
5272
3135
9774
4726
1936
2060
5431
1261
921
2045
8848
9869
6826
515
5002
9397
8571
1239
5952
1190
4148
1779
3589
6304
4842
5747
5290
5104
9199
4796
8216
8466
2291
2568
2144
2988
5076
77
1142
1578
6351
5440
9132
1001
2790
3208
9867
2871
2679
2048
5639
7972
5187
7849
2432
2602
8314
542
9322
2137
6271
1761
2787
1494
7061
904
9026
5371
6976
4830
12
6818
3743
1232
8513
8
9939
4319
8854
9156
3408
9592
190
8112
9650
9819
7407
4669
135
8475
7477
6320
243
8561
815
3913
5924
1349
3623
1098
1376
842
7641
7904
3091
9086
3601
9325
2944
5373
7957
5232
3791
8332
4238
7740
1870
5362
9334
550
7607
4081
5957
1753
8954
8031
8727
4741
2732
4864
7415
9559
602
3164
4727
478
7944
1050
1878
1409
9356
61
5863
3719
1538
4750
1489
6152
8397
7020
6457
1994
9465
3804
2522
7965
8641
3125
2151
4018
8196
2186
1372
5338
2687
8763
2425
2378
8355
5030
7373
2029
7683
8801
7368
1581
2784
8221
4551
5777
9210
875
598
7816
7595
199
150
5022
468
642
9513
4259
6769
7297
3145
6878
5413
6222
8061
6630
122
3469
1069
932
1120
5358
5902
8080
861
828
8241
3288
3338
1035
1180
264
2543
8826
2939
3503
218
4507
2226
8669
6073
7337
5236
3781
2267
8766
6196
4935
5320
2207
1034
4891
1958
546
142
6993
5127
1123
1363
6841
3895
4939
2086
9387
7817
2840
9221
4374
6157
3629
6493
1107
3867
3963
9146
7742
5306
5600
40
6678
9114
4551
7280
8140
1645
7994
9741
8086
4820
6833
1969
4447
7531
4494
6374
423
7974
278
6909
3732
51
9332
1700
2818
7549
1151
491
2106
9943
6581
8222
8435
7873
5530
6344
5189
1516
6984
5149
2844
2960
1513
1094
8478
3296
8016
3850
9181
5493
9041
6073
7442
6356
7349
419
914
1198
4445
105
5071
6641
5196
1909
8991
3562
1351
603
1024
9191
7359
6538
9457
5286
136
9968
1305
5923
8005
6487
444
1450
4569
3736
647
4571
9394
5009
3619
5159
6655
6113
1512
4523
4869
7273
4868
9428
9047
7313
3688
5625
1502
6830
2073
9231
8645
5701
7066
8513
9732
6690
4371
4964
5215
5902
7169
9746
9296
5816
7267
3161
4990
1982
8450
1900
3586
8315
1355
1980
1321
2368
4244
7839
8385
3826
9294
7940
2432
454
4575
9646
5651
3429
5910
6448
310
1808
3789
6166
8714
5980
62
1980
4649
5552
9141
8707
1841
5039
4053
4244
1590
3795
9122
2297
4685
6437
6946
4323
8774
9072
6356
9903
625
1201
2216
9637
5928
5404
4413
9195
7410
7841
7596
8638
3849
4036
809
5856
8898
1977
5922
5325
4216
9971
9852
3964
7979
10
94
149
8211
211
8810
2797
2984
6869
3083
7416
3343
9057
9112
279
3102
5946
5119
140
5297
3
1000
6501
2383
2065
4840
1244
4936
7565
5174
6015
6998
5770
9321
5183
9867
5923
8523
5125
6390
9328
9380
6427
5181
4484
3058
117
5885
1656
1571
753
9119
3339
7584
4225
6184
870
6665
2067
6494
4210
533
5213
3961
9349
6265
1353
5721
4736
9692
1728
7530
7042
4490
5473
4270
5913
332
5003
2218
4360
375
1822
2218
4176
7376
3127
1681
6174
8811
331
4455
903
9959
7954
3974
3422
3411
6961
8822
3194
7705
9672
4629
8418
3766
2703
184
466
7619
1315
3485
4286
1982
9126
9088
1807
8396
4838
7293
7901
9325
5750
8227
9122
5330
1973
6499
9450
3140
5939
442
886
3829
6834
1781
46
6989
6597
8482
771
2788
3187
4128
1912
3174
2771
9076
4570
761
7437
1341
3399
6479
1212
2268
7683
8011
8711
3898
3515
1045
7131
1188
3946
6053
9911
4101
7775
8836
5728
7642
4801
3349
8332
4348
8988
8133
4627
5074
5714
1212
1296
3242
3082
3865
5069
2499
4312
7884
1353
2043
1262
8488
8628
1045
2027
1049
6838
8698
5652
2353
2322
8691
7942
9800
7034
2373
6145
6253
8298
8677
239
6268
6825
8012
1407
5995
4711
2901
6952
4758
3525
7996
6943
9435
2129
3377
3758
2273
8618
6467
7709
441
4604
2530
2278
8848
9304
1303
2117
1727
6635
6767
7716
9020
9138
9095
8217
9419
6433
7316
9790
7159
3655
9763
1559
6531
2352
7862
5675
9197
5577
9703
7600
343
2931
9955
8117
1525
5198
5521
9565
9880
1788
4556
6073
4553
4635
4512
5428
4341
6588
1438
9017
3509
2
3115
5109
1441
6479
7383
9623
2672
3017
537
1092
6145
4717
9372
2730
1172
3304
1676
2490
5261
2793
70
1374
9000
4496
1329
4072
1747
9034
4
3305
680
1347
482
7936
4453
8637
3854
3647
1427
1296
5185
6406
4282
3148
7210
1326
6317
2385
9233
264
6497
5705
5073
8560
7234
82
3448
6684
1039
3861
4176
4026
4937
8345
6913
6172
8329
4428
8000
1345
4700
5315
9024
7409
7052
4679
6025
5246
3434
1196
5602
3249
2905
1263
7444
8174
4188
5264
7712
54
3181
2418
4120
179
262
543
8113
6295
1420
484
8076
4707
6000
8425
7489
4662
9136
331
5301
2392
4580
1455
822
5028
7855
5099
9998
4062
4812
653
3341
3315
4347
3620
1779
3057
9059
4069
5543
3777
5039
4074
2536
5432
3001
5741
7785
9312
2131
5768
9950
4875
4920
8984
6835
6230
3899
5483
747
7048
7655
4755
9674
6394
5080
6551
8849
5637
245
4971
3595
839
88
7745
1643
9710
8576
1876
6422
4843
2087
5167
1505
8895
5130
8017
6312
4959
4654
3608
9612
9587
7090
7029
7247
3807
9961
4349
4934
1696
9719
3235
3838
8306
7948
3999
3031
1498
7953
8083
7573
1672
5047
3877
7002
1843
3689
3660
6061
8826
8440
1419
6576
6396
9167
7869
7180
8816
2780
4387
915
9649
8223
2453
1328
6561
621
5013
6201
9252
7012
3821
7246
9603
5609
4865
568
1632
4048
7532
1
3583
8682
1970
6290
6058
6094
491
3884
2922
2219
9739
2501
6125
1572
169
7998
609
5134
2398
976
1156
6713
7722
8285
3129
3479
3955
2699
3255
1685
1554
6705
3354
6066
7329
4111
8608
4362
9746
6102
5723
3044
6938
8982
4256
8280
3876
8108
4232
7201
1994
4889
3813
8654
2986
1180
4585
3046
8849
2230
7570
6042
4913
6520
7472
7452
9022
8600
4088
1490
2834
1250
121
7799
5015
2173
1704
9563
7688
774
8251
9138
8709
4526
9417
6765
2175
5709
152
953
6948
6008
7307
2344
9185
3245
8917
6550
6010
5453
7085
6416
6938
8097
7871
4016
841
559
3408
6722
4669
4562
7893
7044
6392
5807
6405
133
6436
8393
3718
6687
6950
1253
5309
8301
6622
5394
9354
1344
5211
7889
2246
8508
8778
2750
497
1922
5746
3627
4058
915
9827
9155
4249
2229
7748
8219
8581
1961
4127
773
3583
1165
9247
5621
9993
697
6608
2018
5773
3286
9559
8470
5761
217
1066
2973
545
7669
8430
1403
5299
306
8776
9086
4847
1912
9290
7986
7720
9661
3861
3507
7023
8342
103
9955
3042
6854
5271
8102
3731
3239
8599
7378
7835
8360
884
5815
8199
7052
9167
4176
2656
9604
7058
4551
8314
4166
6335
5193
4642
1072
6968
1290
7697
4809
4628
8737
4319
5985
3267
4535
2197
9180
6628
2134
1124
9031
4979
3567
8240
4758
296
7425
7196
6976
5131
4279
8147
2129
3031
9850
3774
1824
4364
3590
914
2419
3536
3234
9011
5427
6722
7640
4995
662
3367
3755
158
1157
6961
3032
2362
4099
7998
6930
6900
3350
4021
5483
586
2466
2429
1902
6176
8824
2836
6210
1749
8901
8696
2338
2003
6759
6342
3290
3850
5034
2179
4369
6736
3672
1425
3118
1837
2271
365
9094
2779
9095
6635
5877
1585
3094
1596
186
6054
4879
5748
8662
1004
1499
2467
6102
4469
6800
9686
578
8040
418
822
1263
6294
1335
9981
5757
5534
6115
6761
1444
4704
3091
9745
2764
7883
5163
6757
5333
5743
9451
3148
2369
4032
8607
5829
6971
7695
8492
1600
70
5640
441
9741
2387
258
4175
4204
5135
8283
3381
3461
8340
1971
9175
1627
4193
7185
4292
3488
1611
4167
546
6302
4683
7402
4415
294
3711
9134
6665
7822
1622
1380
5732
2903
8294
9365
5571
491
249
4602
4505
598
6874
3585
4972
372
7187
2435
6071
6942
2722
3782
2736
1637
3729
8424
1567
8619
3027
5677
3686
6744
6767
6090
7169
6164
5533
2968
3964
1837
5778
2764
9894
5376
7961
3275
8112
7858
8046
5194
811
7113
6536
983
6309
9092
9059
2521
6822
9293
3884
9156
9985
4340
676
2763
5888
8186
6481
9311
3203
1524
6284
4223
7717
6591
7634
4237
4824
4384
9711
3124
2555
4140
3774
5006
2557
9895
3137
3448
4725
9822
9518
9075
4476
7261
8686
4203
5050
8878
626
1786
6521
3723
8723
3387
7204
5435
3525
8603
5917
8972
1204
6567
7353
8657
5636
284
201
8743
8637
1377
4282
3804
2144
7567
9847
9093
2400
7288
8365
391
2289
6161
9150
6011
8283
2748
2452
7581
1547
6627
5146
327
4143
9229
5786
2167
5374
7300
7932
5404
6564
3817
3650
6791
5360
1571
7742
4776
357
8826
372
5643
9800
3791
4559
8803
2541
8357
1741
1570
7773
616
4950
3472
1314
7963
4751
2471
8813
6906
8108
729
200
4396
7831
5934
9242
7247
8823
8188
8272
8017
3479
9387
1108
5801
9334
6696
8935
655
7358
8481
501
8568
4590
7034
2328
6660
3509
9128
8811
3119
6563
2076
9859
4491
4369
8429
3146
1607
2714
7897
3847
515
6763
6814
847
3246
1687
6726
568
5654
925
7886
7527
2553
5651
6203
1338
9232
8980
3951
8669
9395
3561
3158
3473
2712
2063
3742
1189
6379
2829
6073
1149
9092
1520
4699
3842
8251
8597
8544
5317
1470
9239
5102
3603
6809
9942
6352
1832
6705
5307
1552
9487
3381
880
3291
7993
7231
7685
4628
5436
9097
1080
5567
9567
5903
8584
87
59
1120
6586
1502
3278
5210
5616
4726
3093
570
4771
2320
3493
3407
2670
4917
6464
5142
28
1065
6612
5972
5702
1937
1781
6411
7476
148
2327
1352
2391
1512
6005
8432
1124
3655
7520
5201
1748
5464
2831
619
604
8364
6130
7263
363
1023
9141
3865
6591
7430
6809
9647
6010
8211
3524
4635
9592
2913
9588
4562
6814
7762
7568
7106
9673
7675
3160
3587
5063
1244
163
8569
6108
3766
5681
9191
9123
1496
592
8038
5714
3190
4210
2641
4676
5069
7635
2510
6933
7856
1101
445
7746
9179
9308
9441
3359
8679
9769
4261
6595
3622
1194
7868
5577
9114
7286
6592
7724
3305
561
4109
3720
5916
7272
6755
2687
9379
8726
1204
5175
9597
3445
8372
7443
6497
5190
4144
2277
8975
2084
1158
4360
473
4222
5534
3737
8244
428
5953
8823
4500
7542
8617
851
1272
7788
2799
7701
3223
5710
6529
5285
6287
6826
7446
5629
2225
5757
8319
9430
4721
4051
1898
7244
5977
3379
3613
2943
837
1146
9542
9067
9981
4804
8804
157
3752
2211
5029
3818
2651
6156
8388
2535
663
6452
3380
2355
9561
6764
5444
8302
9489
1181
1780
4392
6888
7452
5366
7744
696
6318
1212
8454
2312
5365
6701
7498
1835
8798
3450
4348
215
3343
2456
385
4277
3477
1970
7615
3853
4238
4323
9062
9760
6233
3124
5114
98
8912
1181
1848
4674
5017
6300
3958
2576
908
1692
7700
2553
5575
8952
2591
6309
1005
9074
4264
9887
512
4173
2723
1592
998
4008
8402
7316
3211
4973
4289
6483
8134
9215
2456
7274
1930
632
2407
6261
9644
6551
1829
472
4120
6319
5625
4281
775
4382
217
7008
6711
7788
8445
1951
9613
9703
8005
3558
4688
8139
8285
6043
7808
5756
6985
5905
7857
3628
7621
9194
8116
1961
603
6087
4174
70
6103
4343
7322
8668
3451
5630
7425
736
4892
5856
6806
4646
6651
733
7440
601
6378
9331
2555
318
7175
1814
2272
508
6802
8506
1957
4508
8937
8634
4059
8161
7053
1272
6183
6954
1750
3105
3427
943
8166
7600
4310
2964
948
5073
1416
8262
2692
170
8726
458
5574
1670
2959
8603
1196
3645
586
3146
6618
8312
1931
8543
4690
891
9292
6800
8785
9184
4703
7823
8770
3996
1155
8504
9708
6856
7010
6046
3632
4658
9411
1326
9411
4816
7717
2761
5995
2418
848
9146
120
2921
2842
3559
4238
349
3205
8338
2296
4238
3825
366
6770
6072
2416
4645
6942
2371
5669
4358
5833
1463
9626
4931
6848
1192
3135
4861
4510
7079
4611
4518
541
3912
6629
7202
3751
7183
5015
1535
2166
5622
3877
6820
8719
8295
9400
83
8495
2803
8812
5887
9620
8409
6712
4145
614
4910
5439
2424
1594
5456
5291
3912
2682
6860
1620
225
952
2175
972
5676
3370
7222
5968
987
1334
345
6270
5590
7316
5035
73
7765
2966
346
919
6424
4030
8505
8404
1331
1332
2114
8337
4988
255
1335
9161
8097
8074
988
2786
6081
8811
7150
1306
107
6939
6425
8132
6759
2358
9355
5863
4077
965
3316
1186
2265
4405
2840
3348
7635
3974
4555
654
2275
2224
5202
3963
6811
9707
9607
6638
3043
7042
8615
2844
9355
5656
7104
5550
7714
6104
9084
9253
3722
5811
1
1123
3379
8823
7679
6178
3481
7143
9467
3975
9497
5280
8328
5272
1551
8662
8553
9876
7997
9862
8953
1494
7930
9361
8710
518
806
5742
7117
2175
8623
2285
1468
182
5599
7310
7929
6526
2125
6288
4000
7174
5376
7444
703
3856
3202
4831
894
410
1910
4801
1819
1921
1752
2395
5248
8870
7279
2957
4378
950
7296
3751
191
5021
1510
8385
539
3942
7055
9400
7089
2526
7917
7813
9977
9815
7716
2062
9048
3806
905
7491
7549
2894
7760
4033
7875
4141
3918
7362
5184
128
8761
3654
9378
6076
7810
1992
7065
6163
212
984
5811
915
2167
7426
3412
6205
3327
8043
5365
3071
4102
8909
6678
7217
4807
7711
6894
7870
667
8567
4534
9653
1812
7535
3572
4310
2391
4817
6898
4449
4314
293
1789
987
6447
6275
9243
3493
621
2188
1509
6133
8695
2512
1634
6223
6162
2010
1307
1345
4230
1870
2300
347
4635
545
5552
3175
6153
2984
6162
991
4285
8815
2623
7241
2066
1438
2460
9824
455
6534
1623
6018
7253
6255
1579
3849
8611
8400
887
3805
2646
2589
9339
2714
9779
5476
4517
756
4538
7141
7272
3395
2776
2017
3371
2078
1507
1355
9998
2110
4728
4647
4283
8724
2239
4484
5434
5268
3158
741
5808
2072
5839
4025
519
4069
9476
6289
558
7121
3801
4920
4149
1221
4801
355
3065
6780
96
1227
345
2942
5002
3535
8243
3786
2771
4721
8051
5103
2333
1537
8801
6642
7146
4056
9657
8977
6317
2157
429
1853
6994
5786
8113
9613
6458
4529
1262
6452
6137
4556
2562
8319
3982
3568
6969
2539
8594
4322
4558
202
9095
9959
4854
9209
824
5365
1370
8024
4276
7017
9593
6795
4687
3268
9432
4978
2770
12
9644
3890
4536
5814
9720
1199
4833
1403
6961
9077
6292
2030
7865
1991
2338
6613
3449
6647
528
4302
4847
9897
5087
9626
5566
8971
5411
9569
9531
7755
9612
5817
3644
7414
8892
9240
1745
5869
3366
925
4864
8907
2716
9401
4338
3390
4005
72
8344
6427
3771
3375
4520
1799
4971
9121
7550
8721
830
7564
8876
7236
4750
2542
9123
7629
7067
8786
2683
8140
8063
7189
8368
294
644
7112
2632
5310
2796
170
9886
8482
7357
2380
2671
3165
6717
1101
7352
8015
637
5177
5514
3476
2971
4658
9081
8141
5238
4172
7376
6353
2956
8368
5901
3309
1667
1165
690
7703
9479
3045
4866
8522
8793
3158
8932
7718
2114
9198
6591
3974
2177
7142
9278
1255
331
2063
5404
5218
5416
8096
2556
8217
8362
718
105
1565
1300
3954
5906
205
8804
2947
8917
7789
8675
2986
1710
8830
9731
7172
5201
2577
9798
9148
6660
1124
2485
5888
657
1392
1451
9563
7347
8456
4466
1541
102
1654
1322
5236
3455
7325
3021
5796
6444
4260
9051
1604
6529
3213
3054
6503
6212
7576
8929
9367
1342
2515
2133
3567
4908
8011
8506
8354
8183
2286
2755
5165
7554
5274
4340
7963
7781
3228
1995
9512
3100
292
2766
6873
6272
7924
3974
4499
1832
9591
9882
2359
5397
3921
561
8160
2601
1731
1012
5621
3146
9705
308
6918
1510
9058
5582
4019
2254
1067
4924
6081
5797
1716
8775
4063
8357
5695
6617
7903
5811
411
6382
370
6151
5151
8288
6935
4456
9960
4098
5623
708
5607
1929
130
7035
7092
6913
4820
1990
1901
8659
404
5255
3378
8436
3777
3806
3582
6543
7016
7092
7487
3823
7002
3709
6650
9808
4211
9419
240
3501
3589
7896
715
5143
1121
2641
1129
8082
1810
4834
8175
7627
883
6097
6117
7785
3509
3246
9930
279
5324
9758
3620
2255
8276
4145
893
7438
3452
1647
8582
8944
4715
2866
8336
3032
7216
1495
3504
191
1837
5507
6773
353
6773
9470
197
778
7830
4814
4668
214
9631
4265
6845
9087
6069
3359
844
9270
3626
7528
1738
6000
9295
6892
1936
9931
2751
1424
7738
6396
2406
7919
6642
7586
7298
3221
182
8517
2215
8975
7910
9845
5705
4963
5510
6530
8940
6594
495
6219
4817
7746
8427
1427
8984
770
8532
4975
8102
8705
1840
4830
1820
644
5983
7022
7514
4601
6251
9447
5489
5263
1895
4369
4426
8903
3551
8754
5335
8617
2465
3174
8099
9382
4497
6982
9194
637
2906
8488
6711
644
9305
8751
9207
561
4018
9635
5932
511
6967
5538
5921
5928
1228
1631
3447
943
959
3780
4178
9570
7676
9254
4661
3057
7042
6710
2622
8200
7645
6239
5124
1949
2804
8928
9420
9655
2320
2607
8909
287
8485
9431
5945
1499
6453
8423
9359
133
4449
5099
7840
1480
2095
2163
9198
107
2457
2711
8913
382
3993
6535
1035
9885
5575
3234
7829
9988
720
3855
6780
6026
5206
7572
506
3263
5947
7134
5367
2393
3316
8009
2499
430
5552
1645
2556
4808
3441
4383
5454
3384
8524
5175
4345
3223
5502
8487
9991
1829
2782
3168
6765
5449
6879
4319
4053
7655
1127
7753
9469
4482
5496
5685
872
9401
7620
7043
8630
6629
9947
6141
4299
6157
645
3251
6214
9976
6897
9500
1207
9952
5844
4936
7621
2300
7148
2021
1153
7568
9980
217
8148
4252
8811
9979
2340
6779
5574
3959
533
7533
9071
8611
233
8292
5907
2805
1137
8925
4971
369
954
3095
639
7492
1055
9296
8541
2079
5746
5567
3920
2125
569
2193
2419
1936
5448
5512
9414
5017
1003
9308
8898
8307
4961
7317
143
5330
7018
9933
8006
2983
7207
1584
5475
4044
4902
8598
8906
1983
4025
4028
2955
6784
8287
9271
3454
7050
7794
7953
8962
9722
2092
5947
1277
776
2435
419
9424
8131
8255
8048
2213
7757
5645
8120
9994
215
3051
4837
4297
3323
5957
7183
4181
6624
5456
6045
3864
231
8297
1347
8026
8430
9090
6063
8561
2226
313
5570
840
3529
6829
6399
4300
1602
8729
6736
3496
3185
7132
5670
3296
5778
429
84
8595
6954
4553
8085
2442
5512
6847
8994
640
5407
3721
336
9271
4627
2551
7073
9093
5928
6410
2875
6718
8110
9679
4908
2839
7431
4967
4879
7786
2083
9037
9478
1225
5077
2605
2669
7055
5479
6342
2069
4367
6005
1593
9011
7725
9291
8125
521
3918
1722
4460
5594
620
4974
6318
3839
4901
2072
767
3008
5174
8968
3492
1598
9586
9746
2929
1776
2064
5419
2106
7116
5675
2925
8903
4428
2597
3926
889
2164
3319
7058
7351
2170
1497
3628
9807
1901
8621
4813
2099
538
7048
9080
1678
1865
5453
5986
7374
6366
5945
7209
3685
4193
2391
6589
3406
3591
9432
8168
5564
7704
7629
8453
3487
7754
2528
6120
3267
6245
1604
7490
8600
8604
9288
8876
7326
1511
4953
252
4074
6947
4102
7921
4035
690
8208
4615
4634
5781
2099
2593
4861
5488
9389
1262
9437
6876
610
4206
5270
7575
6300
8222
7458
2245
8618
7497
8331
6107
1981
952
5706
5431
1875
8154
1085
5811
4285
5388
8379
200
8194
6195
2737
9126
4046
991
4072
4072
90
5674
3229
3082
749
5158
646
1202
608
1612
8700
1010
9933
9314
3264
3286
2741
5101
6687
713
2893
736
434
8661
3387
7354
8782
4516
6475
2472
5714
8302
9196
2896
1658
2545
8907
6828
8914
3247
4115
1248
9126
8726
6760
5605
327
964
6721
5331
7946
9318
8153
2708
4584
8318
9712
3273
8740
6293
8314
1879
7290
6149
4152
8596
323
2599
5523
4098
7539
5056
7177
1589
1209
3184
8345
5705
2850
3635
3967
2307
5934
4782
8830
9453
9865
9424
2805
2888
6164
8681
1129
6605
4493
8822
6002
3863
7271
4161
610
8723
8834
5618
9341
5754
292
5923
5197
3030
9449
8193
8555
3627
6792
6633
8202
5198
2075
3144
3088
8268
202
5761
392
7987
1955
7930
5118
3374
1741
8023
8464
3501
6412
7186
5449
3551
1946
9194
7466
805
7205
6563
7473
2988
203
3571
6002
9332
4541
4394
5896
9472
4513
6163
5282
1875
2423
5064
8412
2850
1968
3609
6271
9035
6216
8763
5863
1210
7077
980
3282
9695
7970
290
9797
1885
258
6930
7425
9587
3151
4726
5549
7904
2327
7160
9306
2068
3946
151
4234
3739
2854
5898
7273
2087
9291
7133
8132
7088
671
6927
5405
5779
180
1426
1069
6026
3703
9806
4211
4327
639
248
8372
3127
2621
3181
6741
1588
69
3608
9976
127
8535
5508
3508
544
1333
424
5112
8358
9168
4183
1209
3881
1178
4691
7868
1485
565
6854
2792
8928
5126
9589
9657
8162
2443
3740
9894
6810
8034
7281
7363
2871
4822
6945
3123
9975
3980
9216
4527
3662
1477
2164
973
1253
5048
5942
7576
5571
2164
9737
4513
1272
7922
6895
9576
8265
361
5775
2187
9447
9990
9174
442
5961
6533
15
7253
6799
2870
184
4973
6758
8611
5223
9500
6607
949
1914
8344
7430
1507
3253
2927
1334
5587
4869
3030
8174
6045
5404
2056
1384
2209
6967
1268
109
4700
9404
1472
3047
7454
7285
3373
6127
6967
2239
6056
9496
6963
6260
4241
3372
1065
7115
3152
9871
1243
2854
8452
2839
984
4095
2675
7359
7312
5321
8282
8566
8662
7418
6816
7731
7563
5477
8874
5564
231
8117
7626
5058
4450
6877
615
1927
2932
8400
8304
1220
157
4943
554
6622
5337
4247
2500
503
4501
1975
2387
160
8045
4888
5372
9812
1743
1983
8187
749
4919
2203
492
9093
7906
9521
4633
3619
6368
9664
7999
5187
4564
3140
2013
5983
5913
9190
1631
5730
2804
7634
5721
4568
9615
5241
5444
7769
2335
90
7381
6787
4552
8616
5133
8514
5338
2715
6033
476
7724
7717
3924
3046
2764
557
9108
631
285
2593
8994
5971
2315
4636
8117
4808
4025
6732
1280
773
2324
493
5109
1731
7457
3486
9440
2126
4138
8935
3052
266
7749
8060
7483
2634
7467
9643
6303
8164
2038
2291
5348
6274
8458
9423
6269
1961
7436
7842
2380
6456
8939
5170
2290
1074
3215
4116
5261
6778
7466
7101
8570
450
1285
9998
4505
7552
8400
463
4772
7171
2152
3528
7108
738
4248
3787
588
7121
3025
840
7366
290
9010
8802
3236
8230
2722
5054
3254
3850
6149
1343
1431
6874
4334
7401
2032
5464
4170
4007
9870
3825
1510
6603
5988
7314
5562
9914
4751
5567
7378
8510
7426
1561
1092
2730
3217
5976
6901
6075
1072
1103
1077
1064
7973
2180
3521
139
2166
501
8386
5543
2551
6946
9549
3944
9468
5449
4421
4215
2948
8165
6757
9038
4328
948
9335
6453
7475
3884
9038
7082
9858
4871
1114
7289
8743
8942
2927
1182
8002
4763
5039
3011
9728
6535
4037
1588
7077
1583
5276
4943
9830
4995
8261
4068
8004
4700
4118
1658
6689
6719
5750
4919
4070
7617
1513
305
5415
2537
3317
4358
6613
3922
8137
5446
8585
797
6981
73
7500
7501
9304
8603
8138
6206
862
4920
8701
420
4445
3800
3875
8827
1590
7103
9617
5825
7840
3587
2900
8737
8744
7775
4119
1934
603
6453
9825
6631
1678
9753
1503
6530
1711
148
9044
5098
1327
1971
8712
9446
7085
6214
7740
9479
2280
7459
5323
3257
408
9017
1651
1023
5530
7919
7823
9844
7424
7713
4871
8597
5886
5520
5680
2595
7041
1967
173
8425
23
2203
8665
835
7488
1767
7474
4216
1584
8682
2709
4554
4217
8389
5163
2636
8646
9397
412
3695
8066
7528
2010
1368
6139
5939
2018
7119
7500
6662
6331
8935
1601
9908
3391
1947
7443
7048
3996
7148
6806
6801
9091
4192
9398
6205
7673
8345
460
5362
1234
6542
3138
9412
6479
645
8186
1807
8283
8784
9277
8608
7921
5125
5569
5569
2358
638
4501
4101
2638
9249
7925
2569
9004
5785
7172
8755
7046
952
6873
3588
9645
9562
322
5711
9502
7564
8568
9108
4229
1134
1881
9311
2060
3230
1744
7896
9680
4040
8161
4695
2276
7612
5363
4757
8942
6749
6313
4499
7865
7508
5841
3220
5424
7273
4555
1270
1267
1564
2328
1405
8626
3034
5484
1548
1384
6438
5585
4024
8687
8961
7799
2130
5906
690
1383
367
427
3306
5119
720
9714
273
3273
7184
1259
1845
7469
2134
2853
6747
1849
6627
2104
6982
1268
7302
5557
6328
8414
2885
6079
8867
7371
5588
7673
4516
124
6759
6382
848
3887
1480
5654
7391
1320
5253
2303
1520
1096
4296
2098
6699
1832
3277
823
269
9787
4477
472
1537
7517
6737
637
2485
1862
2017
1330
4887
1263
691
5841
4647
2908
1861
5895
8296
4037
2793
7803
8133
820
7472
8416
2802
5397
1057
5963
3993
2329
7417
141
8655
1124
5857
1511
8989
502
560
5156
540
2318
9272
1972
5923
953
3491
1667
8840
5438
162
9794
8729
2596
8924
1558
1010
6331
905
4029
4927
291
6195
6290
342
3281
1400
1081
4806
1728
4517
8315
2293
4576
7832
8415
8254
9281
6368
4279
1156
4928
7771
3871
6289
9421
2320
9315
2115
2453
9442
2982
5229
7562
9710
645
5679
3596
1423
7380
7004
4920
5852
3656
3169
7655
9703
8955
9351
6146
1962
4384
3242
5117
1822
7021
4551
2064
6632
9173
473
5122
2839
9188
5015
907
7556
4912
7733
6870
5069
1093
8300
3877
7233
1964
4492
7707
2916
5497
3170
6817
2613
6426
3267
7020
5693
7537
1938
9060
75
8907
6223
9878
5093
186
2777
3369
5696
3452
3366
7619
9923
2130
8658
7067
6617
2656
2964
4242
8814
9378
7384
4104
2221
3295
3617
7637
2002
1992
9582
948
4081
1124
5971
3208
5725
8281
8656
5675
912
3659
255
4462
7520
757
8490
9622
9370
5918
3716
590
7572
988
1208
4389
3215
6167
9651
4922
328
4291
8456
3784
2317
6751
6958
452
1878
9950
5562
639
9050
9021
6144
9409
2029
8312
8465
2100
2927
1290
4335
3002
5638
2716
8570
4170
4820
4549
8198
5123
5593
1788
602
6897
9741
2465
9697
9841
9846
6077
3149
5595
2055
9885
5328
7023
7094
2478
908
998
8993
7699
4870
3371
87
216
1637
2110
7609
1511
772
7518
2117
3476
9464
9912
6692
7076
4094
7664
1005
7998
9642
7816
8792
6916
7355
8466
5841
2138
7817
6029
8280
9929
8811
599
4886
6993
9688
1593
9347
9115
6517
1525
8329
5247
4318
4026
3026
1842
4043
9571
7160
4377
6514
7953
4660
2250
2959
5424
9050
6791
463
9149
2784
6549
50
5583
4074
7307
8349
8790
7118
9046
9875
1196
7146
7220
3813
2547
7287
9745
5495
3009
313
3896
1014
6479
4989
3339
2219
8928
6488
5545
5605
354
603
4273
812
4851
6859
2405
4168
1229
749
3429
7986
2099
7015
8147
3602
5683
5920
8703
3005
5788
1835
8766
1551
8141
7231
4500
9946
8039
6411
674
3303
5219
8294
3776
5567
7813
9629
5060
9547
1881
2516
848
2812
5577
8619
1875
3080
4594
7518
3726
9758
5783
6060
4057
919
9418
6942
1153
3292
3432
8227
754
1329
9209
5761
1947
5919
2658
9867
7445
3026
3741
8147
2555
2985
5393
2248
896
6229
9704
7114
3023
6070
6766
3287
7856
2389
3990
2543
1752
6590
855
3319
8357
1186
3738
8700
5593
1468
5874
6997
7317
9916
9932
4103
3881
384
1755
834
1951
1554
8266
5506
3052
1364
5377
7203
7234
3639
1211
3883
2418
8422
9471
9043
7331
718
8993
3560
1586
1650
413
5132
7526
8287
4302
6158
5835
6442
7728
3646
8716
6125
6186
8629
7516
4622
4214
1715
5040
3542
2594
9582
9265
5906
84
879
4634
8338
8512
64
8459
3556
7474
2735
3841
5303
7540
4265
1905
3170
3025
5656
6551
8726
9106
1959
5297
8320
6074
2195
2518
6804
1299
8167
3416
1215
8249
7751
1749
3841
518
6255
4436
725
6931
4206
6102
8914
3795
8708
5046
3920
180
7567
4325
7097
7745
4956
2351
831
4312
6144
2735
1457
9634
7994
3724
5326
7264
5511
670
826
1014
1086
6923
7914
1386
8369
7685
9894
2800
2549
9875
8863
8113
1496
8307
4284
2496
553
2534
2310
4341
8264
9840
4194
9560
965
2181
3986
6042
3589
9447
5723
3637
9554
8435
6843
8860
8882
8293
9236
2513
5357
5051
200
8062
7339
3128
9083
2282
4678
2375
9053
1262
4954
9134
8571
1207
5026
7022
914
6871
9801
2316
8415
1267
5360
3967
7924
9116
1559
5065
5893
7256
3231
852
2101
6913
4781
4817
5598
2670
815
4806
1337
8627
3205
2966
1042
4391
460
8530
3222
8052
8327
9389
9464
4392
6125
4815
2952
8609
3605
7007
9877
6365
111
6956
365
2906
5984
900
6885
8244
4608
6821
9727
3334
8924
7449
9863
8150
4967
2532
4071
6423
5848
917
8939
1238
6130
3842
3790
9078
9764
7737
5701
8353
5379
5402
6808
8720
3930
2578
7713
4232
3500
6093
4873
1656
9663
4995
1835
3278
2536
6590
7542
4765
856
1128
1849
4647
1603
7187
2018
4762
385
1562
1181
5571
2745
3764
3382
6949
1437
3970
1412
2394
6415
1531
5769
1405
6766
7667
1905
2870
1096
3891
746
9091
1115
6624
5166
724
3546
7417
4561
3258
6399
7864
6587
4388
5427
3503
1018
2955
5829
3425
5838
6166
8474
2780
1503
5222
1926
6358
617
5876
3973
9829
8152
813
4298
4364
1467
4230
3094
3134
299
5001
6209
8813
9142
5868
2618
8529
8190
110
4277
1910
3422
65
5757
3672
1471
8
3161
788
4415
8663
121
6281
3145
8803
6779
4202
4160
5742
4422
15
2647
6388
9499
5396
7875
1962
2241
8948
4218
2408
4805
3463
337
8349
5095
4618
9075
7483
5204
5316
3794
9584
8145
8584
1809
6324
5598
1007
9325
5569
181
8306
3116
1526
2953
6770
3829
2207
4995
5010
2282
9477
7951
2718
9757
7933
3912
8949
3895
878
9300
5582
4311
1550
9123
203
3939
7854
8580
1344
9149
9418
4487
1758
847
7615
2884
7936
615
5929
4688
6249
7177
8961
4102
4503
4219
568
5094
8198
7341
2760
7425
958
5436
7621
3205
93
6276
785
7627
9735
1964
831
8431
3009
3124
8971
9792
726
319
4958
9862
824
2786
1288
1492
503
2090
9275
1908
1329
6772
8993
5916
7832
2265
4593
5005
7760
2973
7011
169
9479
3888
5371
3146
409
1866
4669
9817
3119
9764
1849
1703
45
4281
1826
9855
7999
3129
4033
7953
2913
3107
3826
3515
8699
5078
9602
2785
1019
8282
9397
3781
3054
7070
1565
5399
1296
1086
4830
8118
1875
2119
8610
3246
3104
54
5412
4753
5673
8160
1733
7154
5249
6897
1122
8827
2084
1751
4729
6426
1437
6475
8125
8961
7082
9528
3610
733
6711
339
535
9166
3482
8862
939
4860
7000
8369
8275
7563
1485
7837
5386
8792
9427
7882
6707
2190
8277
8022
4616
9187
2486
3983
1934
5080
6863
1597
834
9136
2562
9138
2373
8945
8438
7095
2970
1033
6650
3745
2333
6126
7621
5515
7583
2573
341
3025
6869
6966
5893
603
2091
8253
5377
8768
9232
4483
5487
3975
8914
8266
2231
7351
2623
4072
3836
7210
7523
3437
212
8063
6875
1065
7507
9227
3223
8742
641
8018
7972
5238
4252
8146
6799
9075
7602
1918
4098
9769
2509
2374
7857
9195
5632
6569
6067
2826
9287
5904
6867
5287
4584
1404
2631
2765
9905
7751
6491
8229
8641
7270
2217
2926
6575
5063
1839
8498
9162
6473
2164
9223
7198
3764
1728
9707
9703
7459
4437
3102
1144
9550
8985
1986
6117
7605
3217
4015
5061
5791
7100
7834
5160
7363
4529
9313
9005
3197
3412
1672
1494
8470
1379
5417
1353
9227
5150
132
5357
8086
9495
2264
65
2917
4351
3066
1506
9552
8967
3317
7941
3252
782
5459
4314
8997
5576
5990
450
6339
8480
7765
4093
5223
2657
1979
6695
8414
1547
6713
5866
8214
9744
3921
6886
8240
8217
404
3890
9191
8149
3857
3525
3617
9050
372
3258
2401
5924
214
8235
2603
5419
9450
3832
5823
5411
3515
1824
591
8159
7520
1701
4588
5776
6621
1813
9647
3398
7744
9144
7269
562
3141
9182
6431
3201
3508
5864
1225
6324
7674
4593
9652
2700
1192
1969
8870
2959
3710
3749
7302
2805
5896
6808
2182
9247
9446
1940
7931
8575
6496
7355
7804
8513
8297
9102
8879
7596
2820
5349
9906
9130
9679
8957
7770
559
1323
3861
2425
2829
6578
8987
1624
7406
6448
1337
6438
488
9536
2087
680
7104
2827
4514
2275
183
2035
5810
1471
7179
8654
853
9516
5853
9759
1084
5793
688
2897
6364
1196
6932
5888
9232
9024
3267
8574
5810
1465
9751
6512
3952
2749
1326
1046
9383
8546
371
4280
3746
2827
4268
4179
2951
7081
5845
4670
9998
4887
8925
8345
7933
5943
6628
7744
6597
4824
3119
2529
1738
9232
7083
8831
8590
2099
7394
8272
571
9514
3623
4460
9915
8564
9595
5842
3121
3378
1117
4831
3751
5176
5960
2914
6412
117
7667
1340
3425
3260
4913
3032
3683
4723
5836
7034
7208
5969
5601
5389
8799
6478
4742
9464
6606
9280
2610
8871
2152
4210
2288
9158
5001
227
1041
1897
9529
8721
20
2871
1665
3146
2378
5409
7766
2075
4810
8928
5284
2416
1220
9304
9363
2244
1683
2263
1185
2649
6039
2814
2498
157
671
9320
7421
4385
3690
6647
3077
4398
7586
7608
6830
5141
7331
9276
1615
6695
4026
1667
5006
2194
846
1473
9789
8948
5830
6194
7956
4610
9699
2117
9578
9802
1490
8411
7917
7953
8434
4387
1796
5746
2789
5142
1513
5614
8751
4766
766
8347
9136
5758
1024
5994
9258
7737
7687
5612
4656
9907
7090
4659
8577
6741
7022
1437
3224
9030
9670
5233
7531
6805
7944
2859
1052
2789
3482
2113
3604
6287
6506
222
9459
5971
4534
2031
1773
4430
3799
426
1763
7979
5632
241
158
7819
860
8238
8093
5783
1004
416
6715
2438
2572
5097
154
2159
3339
5437
4431
8823
159
8979
4661
4174
673
8981
7118
5790
5241
2747
9310
2189
5568
5253
6016
3352
7658
1931
8674
7186
5066
6315
8944
7847
4487
6082
9474
3891
6757
3303
8695
1778
8818
767
5056
9072
4238
9274
5810
7646
3944
9841
7819
8462
3971
7632
2666
8942
1601
9917
5644
2000
5330
963
1153
2582
1915
914
4118
5547
6277
625
4878
5350
7530
8222
546
7865
8727
7733
9037
2406
5282
3337
8368
4469
210
1062
6665
8567
5514
886
1663
4963
1922
7053
9024
2929
1856
625
8919
7678
7685
1384
344
4453
2912
3437
3192
4822
3698
574
3054
327
1909
413
2162
2900
5239
5770
8977
393
841
3903
6388
6947
3764
9235
4751
9457
2135
8850
7334
3048
5955
7106
5955
5170
3225
1918
8422
1764
5444
9744
4084
2073
7776
4715
2492
5393
7945
3429
3598
2625
1556
5971
7615
4526
1540
4259
2826
3344
1153
5727
213
4025
5759
6939
2449
8756
9888
2504
9865
5465
5999
7623
8724
7570
7356
1987
4073
2134
3575
1161
5431
4402
7028
3071
3564
3954
6479
8974
8822
6498
323
4030
9457
3130
1557
4336
3568
8166
5438
8274
2821
6964
5456
7072
4862
6138
5055
5445
4766
2116
9228
9644
2423
6719
8827
9678
1283
4567
9963
1179
6191
465
4213
2518
1555
1761
2245
5329
956
2135
2932
3426
1367
7795
2606
1830
8105
2926
9826
5866
4683
9066
1421
318
6965
8405
6478
1755
6201
6586
8949
8322
6065
9129
3376
1517
6004
2075
5384
3419
5803
1787
1804
1132
4089
8127
8902
2269
8706
6626
9971
1406
7676
8032
723
6691
1540
2123
7160
8220
7795
8344
2219
9052
5071
192
4880
5729
3618
7027
5994
6055
2253
4790
5154
7372
3453
1822
736
1497
4008
3477
3145
2147
205
7635
8459
4753
3633
5422
4348
5893
6411
7926
2445
2625
6144
457
5531
9264
9710
3588
4916
7722
7569
2050
3494
5741
3807
3401
5046
6809
1387
2563
6549
4370
2595
2991
488
7484
4905
1823
402
2920
6197
4216
9074
1159
7359
9890
2791
7900
7164
4115
1752
4626
4052
1937
9931
8239
3013
1931
3231
1498
6714
7396
2326
9554
7668
4287
3047
8467
9614
6941
8100
5672
9185
2366
7036
9738
3760
9470
8394
3572
4386
892
7367
5986
7729
7055
1802
7027
2714
6825
8401
2010
3312
8788
3143
3096
1764
6030
5666
9607
7299
4651
6122
4118
5498
8677
6273
9376
7209
7838
9653
6087
3143
8828
970
6923
8782
8554
3749
2174
2237
547
932
5457
6431
4019
2977
7771
3146
1954
6155
7941
4727
8294
3469
680
4690
9892
7084
7823
9230
1723
3466
7058
1276
1329
6753
7948
8748
2978
7241
366
1122
3247
7353
2472
8225
7278
8090
6905
2777
595
2662
6559
2086
1915
7836
7559
3219
1902
6295
3230
1870
5167
8019
1077
5307
4324
5116
6062
9473
6648
1544
9601
5291
4293
7549
426
8240
6414
3202
2280
2494
6527
7798
4623
8448
6545
2928
7545
3059
2872
9245
5658
1562
2534
7176
9104
7916
3460
3447
2448
8824
2590
1132
4855
1841
5733
5283
1993
4408
958
7861
1768
5557
2265
9836
1487
1479
6526
9718
3294
6432
5775
2598
1447
1003
309
2574
9091
5314
9464
1484
1765
8153
5001
4545
9733
7482
2657
7039
4062
9550
6448
8005
1688
4580
5830
5976
9921
6419
864
6656
88
1689
5342
2966
5433
4031
2683
8407
8822
9488
6662
6241
8052
6530
6252
9695
9084
5596
5482
4189
2007
8384
29
7721
8890
1847
8978
2684
3433
9304
4633
3819
7072
5308
4430
6366
6010
8515
5935
3908
5994
336
9667
1506
2220
6726
1432
614
7603
6933
9150
3475
4305
47
2357
6199
7567
7013
1096
8104
2695
9464
5410
6005
1965
5037
4796
3482
8057
2256
6595
8528
509
2682
3230
6909
6162
7954
5428
646
9406
8945
4235
813
2506
1116
778
4880
5793
7185
3756
1528
6070
6262
9753
9782
4244
9162
7290
5760
8705
6883
8401
4801
4007
3170
256
1560
8448
371
7550
7090
3579
8746
4970
3421
1555
4146
8811
9804
6787
4383
941
4952
9242
5103
4715
9467
1816
6913
6467
7314
961
4776
3043
3922
1611
2049
2979
7262
6635
6335
8688
2283
710
4705
9187
5260
5467
6709
6902
4147
9903
5391
9927
1694
8943
7695
9402
7064
6152
4998
4600
7662
182
3978
9693
8998
914
4837
2308
6284
1168
3423
6013
6129
5389
1679
5166
804
3351
5942
9487
5956
6347
8985
7837
7080
5790
1566
1562
1140
911
5275
121
270
8399
6127
8335
1015
3177
8863
336
8715
5894
4202
214
5080
9693
4867
403
2122
785
3610
3324
6084
4627
5547
8852
6207
1211
3848
4223
9647
9029
8553
5467
1928
1499
2391
1867
2488
1770
9699
1005
4383
163
7764
278
2548
2641
7310
7294
4287
1547
6662
2132
1310
713
4059
7090
3771
3488
4304
7364
1693
3295
9525
9342
7940
4250
2414
2010
3808
2821
2472
3948
4344
7547
8013
805
5780
629
6015
726
4102
4695
8312
2509
7664
7944
1482
148
969
7886
2632
9622
3256
5395
7841
8396
8132
8182
1264
3993
7288
3111
3060
6482
6943
6144
3714
6864
4163
3843
1713
2587
7145
1993
4615
6138
8942
1647
9518
8311
4468
5895
5006
5049
1839
8438
303
3315
8693
7322
9395
5032
3902
179
4164
8777
3446
5500
5296
1386
3985
3643
7252
8191
8137
703
1554
3289
5419
3488
3752
4416
2448
8571
4891
9895
5078
7955
9201
4327
4816
6774
611
1600
7717
9665
1276
7177
8239
5118
3417
101
4634
5928
9623
9612
9632
6710
7642
2604
7757
547
181
9392
2711
8973
3109
4439
8293
6377
1781
1120
9179
9157
3047
481
3028
4871
3517
699
8602
9576
4283
9010
1248
5480
614
937
4020
3014
7020
2174
1102
4126
4122
8459
7864
8706
2162
4858
5979
5991
5840
2174
1236
3889
8147
8619
9179
3557
4363
5682
9048
5247
6730
9394
8806
6274
1105
432
3860
8566
8072
6906
4390
3276
6506
2985
2570
3570
9816
130
2248
5366
6461
8512
2326
4328
2653
6750
8082
6956
7258
3608
5236
3622
6055
5367
2667
2779
3990
4619
5525
2457
2542
7176
9833
8052
2551
3015
7872
3302
6940
8982
5216
4264
8877
6858
1613
7762
8611
1826
9439
6020
1102
7089
2454
6222
9614
8969
552
7224
731
9271
1171
8459
166
3770
7613
7498
7823
5466
7582
422
4606
1874
333
2020
2468
7214
7835
3248
6369
3232
8646
9893
625
9011
3674
6133
9174
7788
973
7845
6549
2320
4027
4916
3802
4123
761
7359
6673
2975
1749
3185
5443
3022
7659
4406
891
9849
1880
2307
5597
7784
2406
1606
6648
9846
2168
1121
5019
136
3111
3109
9243
3675
2004
4991
75
4834
5238
2513
8065
8421
2187
7631
4251
7460
8087
3964
3343
6701
5181
7469
9306
8522
7024
6003
1218
8129
3709
3364
6824
2751
3126
6915
6649
6962
4627
2256
531
5481
212
9136
3780
110
5082
3735
2873
8145
3507
8820
1960
2199
8929
3666
5877
2289
4410
4891
2637
9098
3329
778
6275
6044
1933
9769
7725
8172
8278
6645
8289
8720
3522
1589
4003
2615
5662
663
4325
8094
5922
4976
342
8489
9110
7484
4103
1102
767
4420
5361
6498
1656
4944
6454
1888
9403
937
2268
6221
4776
5749
5212
1671
7347
9039
5301
8295
9947
6126
1182
2565
503
7074
8216
83
2360
9261
6228
2310
2982
9686
9794
2546
5819
645
2981
8935
22
6575
4273
436
8258
6466
4583
3600
9068
6797
5973
4466
8557
4837
3224
6279
7591
2639
7228
2918
7638
3034
4005
2541
7705
1560
6957
1067
9919
1992
1910
488
4992
8836
3915
9937
5396
2006
4282
4884
2317
7387
3791
1237
7602
1068
9336
673
8649
4799
2877
2831
8727
9349
2756
438
8131
747
3041
8789
76
162
9391
9899
5774
950
3167
9950
3927
9238
5478
2268
3235
6344
1116
5020
1633
312
8672
6200
1153
8480
7567
8445
2547
5906
8439
3184
3473
4071
8847
9799
9044
7732
8078
8509
4083
3287
54
25
4504
1401
1828
5407
6913
7736
2407
2693
3669
5044
6074
4664
7430
5083
9804
3472
8291
1074
2726
1821
6129
7983
9102
8176
5398
4618
5306
1133
3320
5390
6537
9168
867
1157
4182
9705
9038
4409
9104
1431
7293
9582
6743
6599
2443
625
4522
3427
2385
5239
1089
347
1546
4299
6666
3770
2287
610
8021
4076
6460
8989
5027
2890
3336
9000
5795
433
7725
7969
6895
9201
5818
9054
5179
8675
5522
2372
9538
1763
4262
5020
8887
3615
5783
3164
6613
6159
760
9518
9462
694
5371
6987
8537
7172
624
2016
3050
3148
554
3476
375
925
3521
7462
3368
6161
1036
8937
3148
409
7963
5325
472
9010
5762
8242
5202
1766
2667
9908
2617
9492
6594
3431
9465
4337
4967
7991
6684
5386
1793
3879
71
5301
3954
9851
3235
5409
3015
8862
7848
9733
4552
4264
6294
6924
7220
9131
8727
9137
8121
7449
5417
9758
8555
9449
2010
5843
5583
9878
8529
4660
4825
9167
6867
7287
317
3579
8351
1391
8715
2669
5191
2912
355
5913
3017
5012
5355
6010
7251
7388
2536
3857
2701
9743
5233
171
3218
6984
5438
5607
8751
7735
4763
5251
8800
1260
2907
3686
9896
5268
6127
3398
6776
9718
6019
5927
1642
1244
3165
1505
8224
2810
8235
7443
9938
2372
1262
7623
7665
8515
6345
8254
8610
6197
6265
7576
5246
9824
8633
7367
1885
6998
437
608
6374
4719
1392
5009
8639
741
2484
4788
4978
8647
5628
257
3700
3503
3493
4599
768
175
7376
1557
3713
3313
1541
4449
3484
3298
7608
2545
646
7987
4423
2869
8181
4895
1219
5227
5085
1404
2716
2897
5116
3027
8961
6844
3897
7714
3985
4513
5738
1142
1595
5783
2784
7176
3559
5105
2645
4849
1804
5549
3561
8774
7803
3720
6203
1664
6664
4183
8813
3330
2260
4289
3771
66
1631
9588
2773
6640
9454
2216
9152
2388
6117
8954
6944
5139
9446
7495
42
6311
783
2890
2062
6761
529
6106
9783
2324
7650
2035
4565
7015
7632
9614
6757
9134
6078
5673
5652
4844
2161
807
170
5958
479
8409
4487
4543
9076
797
4888
9650
9491
2135
3886
8975
5019
298
252
5914
1017
6368
7155
5351
5280
4718
8599
7279
3240
628
8450
8223
7247
9401
8380
6153
8334
7740
6180
4731
3867
7660
4391
9099
3135
6897
9583
4876
2349
279
3713
8481
9504
9923
2639
4407
1101
872
448
9826
6587
3492
6939
9963
1514
6893
5273
7640
7473
4057
6055
5346
763
1169
7231
8965
4112
908
8293
4201
7368
3612
4964
2764
6550
6166
2495
8005
2649
7227
2873
4130
5718
8566
2770
9026
8648
6683
4357
5461
3153
618
2719
5929
6416
1541
9429
2085
6030
6204
7768
4845
7785
9788
7550
7297
1912
7722
5805
1077
9031
500
8545
1497
4530
8772
1260
6172
5895
7385
4900
1970
9759
9811
6172
1795
6558
7546
7588
3959
9777
413
3659
5781
2175
2047
4944
9918
3112
2647
4453
6819
3517
6877
9798
2273
8961
5618
5922
2534
7171
4514
4303
5674
5779
1476
5123
1209
5579
7650
4521
7542
6682
8140
3062
29
1951
7669
7872
698
7693
3568
6326
2629
3821
1154
6069
9087
9297
755
4772
5720
7628
8142
4115
6996
7099
1594
9826
8839
1288
5896
2266
3699
3726
1452
7315
2649
2270
1757
2754
9279
1305
4655
1519
9836
5103
8095
6234
3271
2056
4144
3378
8453
4657
1540
4669
5942
3622
6315
5416
507
9877
7497
7476
2323
5840
4474
9060
8780
6890
9482
6299
1634
6604
1462
6558
2219
644
