1993
0 0
6721 1
-6720 1
6721 -1
-6720 -1
2 6720
2 -6720
-1 6720
-1 -6720
6720 41
-6719 41
6720 -41
-6719 -41
42 6719
42 -6719
-41 6719
-41 -6719
6719 80
-6718 80
6719 -80
-6718 -80
81 6718
81 -6718
-80 6718
-80 -6718
6718 118
-6717 118
6718 -118
-6717 -118
119 6717
119 -6717
-118 6717
-118 -6717
6717 155
-6716 155
6717 -155
-6716 -155
156 6716
156 -6716
-155 6716
-155 -6716
6716 191
-6715 191
6716 -191
-6715 -191
192 6715
192 -6715
-191 6715
-191 -6715
6715 226
-6714 226
6715 -226
-6714 -226
227 6714
227 -6714
-226 6714
-226 -6714
6714 260
-6713 260
6714 -260
-6713 -260
261 6713
261 -6713
-260 6713
-260 -6713
6713 293
-6712 293
6713 -293
-6712 -293
294 6712
294 -6712
-293 6712
-293 -6712
6712 325
-6711 325
6712 -325
-6711 -325
326 6711
326 -6711
-325 6711
-325 -6711
6711 356
-6710 356
6711 -356
-6710 -356
357 6710
357 -6710
-356 6710
-356 -6710
6710 386
-6709 386
6710 -386
-6709 -386
387 6709
387 -6709
-386 6709
-386 -6709
6709 415
-6708 415
6709 -415
-6708 -415
416 6708
416 -6708
-415 6708
-415 -6708
6708 443
-6707 443
6708 -443
-6707 -443
444 6707
444 -6707
-443 6707
-443 -6707
6707 470
-6706 470
6707 -470
-6706 -470
471 6706
471 -6706
-470 6706
-470 -6706
6706 496
-6705 496
6706 -496
-6705 -496
497 6705
497 -6705
-496 6705
-496 -6705
6705 521
-6704 521
6705 -521
-6704 -521
522 6704
522 -6704
-521 6704
-521 -6704
6704 545
-6703 545
6704 -545
-6703 -545
546 6703
546 -6703
-545 6703
-545 -6703
6703 568
-6702 568
6703 -568
-6702 -568
569 6702
569 -6702
-568 6702
-568 -6702
6702 590
-6701 590
6702 -590
-6701 -590
591 6701
591 -6701
-590 6701
-590 -6701
6701 611
-6700 611
6701 -611
-6700 -611
612 6700
612 -6700
-611 6700
-611 -6700
6700 631
-6699 631
6700 -631
-6699 -631
632 6699
632 -6699
-631 6699
-631 -6699
6698 670
-6697 670
6698 -670
-6697 -670
671 6697
671 -6697
-670 6697
-670 -6697
6697 689
-6696 689
6697 -689
-6696 -689
690 6696
690 -6696
-689 6696
-689 -6696
6695 726
-6694 726
6695 -726
-6694 -726
727 6694
727 -6694
-726 6694
-726 -6694
6694 744
-6693 744
6694 -744
-6693 -744
745 6693
745 -6693
-744 6693
-744 -6693
6692 779
-6691 779
6692 -779
-6691 -779
780 6691
780 -6691
-779 6691
-779 -6691
6691 796
-6690 796
6691 -796
-6690 -796
797 6690
797 -6690
-796 6690
-796 -6690
6689 829
-6688 829
6689 -829
-6688 -829
830 6688
830 -6688
-829 6688
-829 -6688
6688 845
-6687 845
6688 -845
-6687 -845
846 6687
846 -6687
-845 6687
-845 -6687
6686 876
-6685 876
6686 -876
-6685 -876
877 6685
877 -6685
-876 6685
-876 -6685
6685 891
-6684 891
6685 -891
-6684 -891
892 6684
892 -6684
-891 6684
-891 -6684
6683 920
-6682 920
6683 -920
-6682 -920
921 6682
921 -6682
-920 6682
-920 -6682
6682 934
-6681 934
6682 -934
-6681 -934
935 6681
935 -6681
-934 6681
-934 -6681
6680 961
-6679 961
6680 -961
-6679 -961
962 6679
962 -6679
-961 6679
-961 -6679
6679 974
-6678 974
6679 -974
-6678 -974
975 6678
975 -6678
-974 6678
-974 -6678
6676 1012
-6675 1012
6676 -1012
-6675 -1012
1013 6675
1013 -6675
-1012 6675
-1012 -6675
6674 1037
-6673 1037
6674 -1037
-6673 -1037
1038 6673
1038 -6673
-1037 6673
-1037 -6673
6671 1074
-6670 1074
6671 -1074
-6670 -1074
1075 6670
1075 -6670
-1074 6670
-1074 -6670
6670 1086
-6669 1086
6670 -1086
-6669 -1086
1087 6669
1087 -6669
-1086 6669
-1086 -6669
6667 1121
-6666 1121
6667 -1121
-6666 -1121
1122 6666
1122 -6666
-1121 6666
-1121 -6666
6665 1144
-6664 1144
6665 -1144
-6664 -1144
1145 6664
1145 -6664
-1144 6664
-1144 -6664
6662 1178
-6661 1178
6662 -1178
-6661 -1178
1179 6661
1179 -6661
-1178 6661
-1178 -6661
6661 1189
-6660 1189
6661 -1189
-6660 -1189
1190 6660
1190 -6660
-1189 6660
-1189 -6660
6658 1221
-6657 1221
6658 -1221
-6657 -1221
1222 6657
1222 -6657
-1221 6657
-1221 -6657
6656 1242
-6655 1242
6656 -1242
-6655 -1242
1243 6655
1243 -6655
-1242 6655
-1242 -6655
6653 1273
-6652 1273
6653 -1273
-6652 -1273
1274 6652
1274 -6652
-1273 6652
-1273 -6652
6652 1283
-6651 1283
6652 -1283
-6651 -1283
1284 6651
1284 -6651
-1283 6651
-1283 -6651
6649 1312
-6648 1312
6649 -1312
-6648 -1312
1313 6648
1313 -6648
-1312 6648
-1312 -6648
6647 1331
-6646 1331
6647 -1331
-6646 -1331
1332 6646
1332 -6646
-1331 6646
-1331 -6646
6644 1359
-6643 1359
6644 -1359
-6643 -1359
1360 6643
1360 -6643
-1359 6643
-1359 -6643
6640 1396
-6639 1396
6640 -1396
-6639 -1396
1397 6639
1397 -6639
-1396 6639
-1396 -6639
6639 1405
-6638 1405
6639 -1405
-6638 -1405
1406 6638
1406 -6638
-1405 6638
-1405 -6638
6635 1440
-6634 1440
6635 -1440
-6634 -1440
1441 6634
1441 -6634
-1440 6634
-1440 -6634
6632 1466
-6631 1466
6632 -1466
-6631 -1466
1467 6631
1467 -6631
-1466 6631
-1466 -6631
6630 1483
-6629 1483
6630 -1483
-6629 -1483
1484 6629
1484 -6629
-1483 6629
-1483 -6629
6627 1508
-6626 1508
6627 -1508
-6626 -1508
1509 6626
1509 -6626
-1508 6626
-1508 -6626
6623 1541
-6622 1541
6623 -1541
-6622 -1541
1542 6622
1542 -6622
-1541 6622
-1541 -6622
6622 1549
-6621 1549
6622 -1549
-6621 -1549
1550 6621
1550 -6621
-1549 6621
-1549 -6621
6618 1580
-6617 1580
6618 -1580
-6617 -1580
1581 6617
1581 -6617
-1580 6617
-1580 -6617
6615 1603
-6614 1603
6615 -1603
-6614 -1603
1604 6614
1604 -6614
-1603 6614
-1603 -6614
6613 1618
-6612 1618
6613 -1618
-6612 -1618
1619 6612
1619 -6612
-1618 6612
-1618 -6612
6610 1640
-6609 1640
6610 -1640
-6609 -1640
1641 6609
1641 -6609
-1640 6609
-1640 -6609
6606 1669
-6605 1669
6606 -1669
-6605 -1669
1670 6605
1670 -6605
-1669 6605
-1669 -6605
6605 1676
-6604 1676
6605 -1676
-6604 -1676
1677 6604
1677 -6604
-1676 6604
-1676 -6604
6600 1710
-6599 1710
6600 -1710
-6599 -1710
1711 6599
1711 -6599
-1710 6599
-1710 -6599
6596 1737
-6595 1737
6596 -1737
-6595 -1737
1738 6595
1738 -6595
-1737 6595
-1737 -6595
6593 1757
-6592 1757
6593 -1757
-6592 -1757
1758 6592
1758 -6592
-1757 6592
-1757 -6592
6588 1790
-6587 1790
6588 -1790
-6587 -1790
1791 6587
1791 -6587
-1790 6587
-1790 -6587
6586 1803
-6585 1803
6586 -1803
-6585 -1803
1804 6585
1804 -6585
-1803 6585
-1803 -6585
6581 1835
-6580 1835
6581 -1835
-6580 -1835
1836 6580
1836 -6580
-1835 6580
-1835 -6580
6578 1854
-6577 1854
6578 -1854
-6577 -1854
1855 6577
1855 -6577
-1854 6577
-1854 -6577
6574 1879
-6573 1879
6574 -1879
-6573 -1879
1880 6573
1880 -6573
-1879 6573
-1879 -6573
6569 1910
-6568 1910
6569 -1910
-6568 -1910
1911 6568
1911 -6568
-1910 6568
-1910 -6568
6568 1916
-6567 1916
6568 -1916
-6567 -1916
1917 6567
1917 -6567
-1916 6567
-1916 -6567
6563 1945
-6562 1945
6563 -1945
-6562 -1945
1946 6562
1946 -6562
-1945 6562
-1945 -6562
6559 1968
-6558 1968
6559 -1968
-6558 -1968
1969 6558
1969 -6558
-1968 6558
-1968 -6558
6556 1985
-6555 1985
6556 -1985
-6555 -1985
1986 6555
1986 -6555
-1985 6555
-1985 -6555
6551 2013
-6550 2013
6551 -2013
-6550 -2013
2014 6550
2014 -6550
-2013 6550
-2013 -6550
6549 2024
-6548 2024
6549 -2024
-6548 -2024
2025 6548
2025 -6548
-2024 6548
-2024 -6548
6544 2051
-6543 2051
6544 -2051
-6543 -2051
2052 6543
2052 -6543
-2051 6543
-2051 -6543
6541 2067
-6540 2067
6541 -2067
-6540 -2067
2068 6540
2068 -6540
-2067 6540
-2067 -6540
6537 2088
-6536 2088
6537 -2088
-6536 -2088
2089 6536
2089 -6536
-2088 6536
-2088 -6536
6532 2114
-6531 2114
6532 -2114
-6531 -2114
2115 6531
2115 -6531
-2114 6531
-2114 -6531
6526 2145
-6525 2145
6526 -2145
-6525 -2145
2146 6525
2146 -6525
-2145 6525
-2145 -6525
6525 2150
-6524 2150
6525 -2150
-6524 -2150
2151 6524
2151 -6524
-2150 6524
-2150 -6524
6519 2179
-6518 2179
6519 -2179
-6518 -2179
2180 6518
2180 -6518
-2179 6518
-2179 -6518
6514 2203
-6513 2203
6514 -2203
-6513 -2203
2204 6513
2204 -6513
-2203 6513
-2203 -6513
6510 2222
-6509 2222
6510 -2222
-6509 -2222
2223 6509
2223 -6509
-2222 6509
-2222 -6509
6503 2255
-6502 2255
6503 -2255
-6502 -2255
2256 6502
2256 -6502
-2255 6502
-2255 -6502
6500 2269
-6499 2269
6500 -2269
-6499 -2269
2270 6499
2270 -6499
-2269 6499
-2269 -6499
6495 2292
-6494 2292
6495 -2292
-6494 -2292
2293 6494
2293 -6494
-2292 6494
-2292 -6494
6488 2324
-6487 2324
6488 -2324
-6487 -2324
2325 6487
2325 -6487
-2324 6487
-2324 -6487
6486 2333
-6485 2333
6486 -2333
-6485 -2333
2334 6485
2334 -6485
-2333 6485
-2333 -6485
6479 2364
-6478 2364
6479 -2364
-6478 -2364
2365 6478
2365 -6478
-2364 6478
-2364 -6478
6474 2386
-6473 2386
6474 -2386
-6473 -2386
2387 6473
2387 -6473
-2386 6473
-2386 -6473
6471 2399
-6470 2399
6471 -2399
-6470 -2399
2400 6470
2400 -6470
-2399 6470
-2399 -6470
6464 2429
-6463 2429
6464 -2429
-6463 -2429
2430 6463
2430 -6463
-2429 6463
-2429 -6463
6460 2446
-6459 2446
6460 -2446
-6459 -2446
2447 6459
2447 -6459
-2446 6459
-2446 -6459
6455 2467
-6454 2467
6455 -2467
-6454 -2467
2468 6454
2468 -6454
-2467 6454
-2467 -6454
6449 2492
-6448 2492
6449 -2492
-6448 -2492
2493 6448
2493 -6448
-2492 6448
-2492 -6448
6442 2521
-6441 2521
6442 -2521
-6441 -2521
2522 6441
2522 -6441
-2521 6441
-2521 -6441
6441 2525
-6440 2525
6441 -2525
-6440 -2525
2526 6440
2526 -6440
-2525 6440
-2525 -6440
6433 2556
-6432 2556
6433 -2556
-6432 -2556
2557 6432
2557 -6432
-2556 6432
-2556 -6432
6426 2583
-6425 2583
6426 -2583
-6425 -2583
2584 6425
2584 -6425
-2583 6425
-2583 -6425
6420 2606
-6419 2606
6420 -2606
-6419 -2606
2607 6419
2607 -6419
-2606 6419
-2606 -6419
6415 2625
-6414 2625
6415 -2625
-6414 -2625
2626 6414
2626 -6414
-2625 6414
-2625 -6414
6411 2640
-6410 2640
6411 -2640
-6410 -2640
2641 6410
2641 -6410
-2640 6410
-2640 -6410
6404 2666
-6403 2666
6404 -2666
-6403 -2666
2667 6403
2667 -6403
-2666 6403
-2666 -6403
6401 2677
-6400 2677
6401 -2677
-6400 -2677
2678 6400
2678 -6400
-2677 6400
-2677 -6400
6393 2706
-6392 2706
6393 -2706
-6392 -2706
2707 6392
2707 -6392
-2706 6392
-2706 -6392
6388 2724
-6387 2724
6388 -2724
-6387 -2724
2725 6387
2725 -6387
-2724 6387
-2724 -6387
6381 2749
-6380 2749
6381 -2749
-6380 -2749
2750 6380
2750 -6380
-2749 6380
-2749 -6380
6379 2756
-6378 2756
6379 -2756
-6378 -2756
2757 6378
2757 -6378
-2756 6378
-2756 -6378
6370 2787
-6369 2787
6370 -2787
-6369 -2787
2788 6369
2788 -6369
-2787 6369
-2787 -6369
6363 2811
-6362 2811
6363 -2811
-6362 -2811
2812 6362
2812 -6362
-2811 6362
-2811 -6362
6358 2828
-6357 2828
6358 -2828
-6357 -2828
2829 6357
2829 -6357
-2828 6357
-2828 -6357
6350 2855
-6349 2855
6350 -2855
-6349 -2855
2856 6349
2856 -6349
-2855 6349
-2855 -6349
6347 2865
-6346 2865
6347 -2865
-6346 -2865
2866 6346
2866 -6346
-2865 6346
-2865 -6346
6340 2888
-6339 2888
6340 -2888
-6339 -2888
2889 6339
2889 -6339
-2888 6339
-2888 -6339
6336 2901
-6335 2901
6336 -2901
-6335 -2901
2902 6335
2902 -6335
-2901 6335
-2901 -6335
6327 2930
-6326 2930
6327 -2930
-6326 -2930
2931 6326
2931 -6326
-2930 6326
-2930 -6326
6322 2946
-6321 2946
6322 -2946
-6321 -2946
2947 6321
2947 -6321
-2946 6321
-2946 -6321
6316 2965
-6315 2965
6316 -2965
-6315 -2965
2966 6315
2966 -6315
-2965 6315
-2965 -6315
6309 2987
-6308 2987
6309 -2987
-6308 -2987
2988 6308
2988 -6308
-2987 6308
-2987 -6308
6301 3012
-6300 3012
6301 -3012
-6300 -3012
3013 6300
3013 -6300
-3012 6300
-3012 -6300
6292 3040
-6291 3040
6292 -3040
-6291 -3040
3041 6291
3041 -6291
-3040 6291
-3040 -6291
6291 3043
-6290 3043
6291 -3043
-6290 -3043
3044 6290
3044 -6290
-3043 6290
-3043 -6290
6281 3072
-6280 3072
6281 -3072
-6280 -3072
3073 6280
3073 -6280
-3072 6280
-3072 -6280
6272 3098
-6271 3098
6272 -3098
-6271 -3098
3099 6271
3099 -6271
-3098 6271
-3098 -6271
6264 3121
-6263 3121
6264 -3121
-6263 -3121
3122 6263
3122 -6263
-3121 6263
-3121 -6263
6257 3141
-6256 3141
6257 -3141
-6256 -3141
3142 6256
3142 -6256
-3141 6256
-3141 -6256
6251 3158
-6250 3158
6251 -3158
-6250 -3158
3159 6250
3159 -6250
-3158 6250
-3158 -6250
6246 3172
-6245 3172
6246 -3172
-6245 -3172
3173 6245
3173 -6245
-3172 6245
-3172 -6245
6237 3197
-6236 3197
6237 -3197
-6236 -3197
3198 6236
3198 -6236
-3197 6236
-3197 -6236
6233 3208
-6232 3208
6233 -3208
-6232 -3208
3209 6232
3209 -6232
-3208 6232
-3208 -6232
6226 3227
-6225 3227
6226 -3227
-6225 -3227
3228 6225
3228 -6225
-3227 6225
-3227 -6225
6216 3254
-6215 3254
6216 -3254
-6215 -3254
3255 6215
3255 -6215
-3254 6215
-3254 -6215
6213 3262
-6212 3262
6213 -3262
-6212 -3262
3263 6212
3263 -6212
-3262 6212
-3262 -6212
6202 3291
-6201 3291
6202 -3291
-6201 -3291
3292 6201
3292 -6201
-3291 6201
-3291 -6201
6194 3312
-6193 3312
6194 -3312
-6193 -3312
3313 6193
3313 -6193
-3312 6193
-3312 -6193
6189 3325
-6188 3325
6189 -3325
-6188 -3325
3326 6188
3326 -6188
-3325 6188
-3325 -6188
6182 3343
-6181 3343
6182 -3343
-6181 -3343
3344 6181
3344 -6181
-3343 6181
-3343 -6181
6173 3366
-6172 3366
6173 -3366
-6172 -3366
3367 6172
3367 -6172
-3366 6172
-3366 -6172
6162 3394
-6161 3394
6162 -3394
-6161 -3394
3395 6161
3395 -6161
-3394 6161
-3394 -6161
6160 3399
-6159 3399
6160 -3399
-6159 -3399
3400 6159
3400 -6159
-3399 6159
-3399 -6159
6149 3426
-6148 3426
6149 -3426
-6148 -3426
3427 6148
3427 -6148
-3426 6148
-3426 -6148
6140 3448
-6139 3448
6140 -3448
-6139 -3448
3449 6139
3449 -6139
-3448 6139
-3448 -6139
6133 3465
-6132 3465
6133 -3465
-6132 -3465
3466 6132
3466 -6132
-3465 6132
-3465 -6132
6128 3477
-6127 3477
6128 -3477
-6127 -3477
3478 6127
3478 -6127
-3477 6127
-3477 -6127
6120 3496
-6119 3496
6120 -3496
-6119 -3496
3497 6119
3497 -6119
-3496 6119
-3496 -6119
6109 3522
-6108 3522
6109 -3522
-6108 -3522
3523 6108
3523 -6108
-3522 6108
-3522 -6108
6106 3529
-6105 3529
6106 -3529
-6105 -3529
3530 6105
3530 -6105
-3529 6105
-3529 -6105
6096 3552
-6095 3552
6096 -3552
-6095 -3552
3553 6095
3553 -6095
-3552 6095
-3552 -6095
6089 3568
-6088 3568
6089 -3568
-6088 -3568
3569 6088
3569 -6088
-3568 6088
-3568 -6088
6078 3593
-6077 3593
6078 -3593
-6077 -3593
3594 6077
3594 -6077
-3593 6077
-3593 -6077
6074 3602
-6073 3602
6074 -3602
-6073 -3602
3603 6073
3603 -6073
-3602 6073
-3602 -6073
6065 3622
-6064 3622
6065 -3622
-6064 -3622
3623 6064
3623 -6064
-3622 6064
-3622 -6064
6060 3633
-6059 3633
6060 -3633
-6059 -3633
3634 6059
3634 -6059
-3633 6059
-3633 -6059
6049 3657
-6048 3657
6049 -3657
-6048 -3657
3658 6048
3658 -6048
-3657 6048
-3657 -6048
6043 3670
-6042 3670
6043 -3670
-6042 -3670
3671 6042
3671 -6042
-3670 6042
-3670 -6042
6036 3685
-6035 3685
6036 -3685
-6035 -3685
3686 6035
3686 -6035
-3685 6035
-3685 -6035
6028 3702
-6027 3702
6028 -3702
-6027 -3702
3703 6027
3703 -6027
-3702 6027
-3702 -6027
6019 3721
-6018 3721
6019 -3721
-6018 -3721
3722 6018
3722 -6018
-3721 6018
-3721 -6018
6009 3742
-6008 3742
6009 -3742
-6008 -3742
3743 6008
3743 -6008
-3742 6008
-3742 -6008
5998 3765
-5997 3765
5998 -3765
-5997 -3765
3766 5997
3766 -5997
-3765 5997
-3765 -5997
5986 3790
-5985 3790
5986 -3790
-5985 -3790
3791 5985
3791 -5985
-3790 5985
-3790 -5985
5973 3817
-5972 3817
5973 -3817
-5972 -3817
3818 5972
3818 -5972
-3817 5972
-3817 -5972
5972 3819
-5971 3819
5972 -3819
-5971 -3819
3820 5971
3820 -5971
-3819 5971
-3819 -5971
5959 3844
-5958 3844
5959 -3844
-5958 -3844
3845 5958
3845 -5958
-3844 5958
-3844 -5958
5947 3867
-5946 3867
5947 -3867
-5946 -3867
3868 5946
3868 -5946
-3867 5946
-3867 -5946
5936 3888
-5935 3888
5936 -3888
-5935 -3888
3889 5935
3889 -5935
-3888 5935
-3888 -5935
5926 3907
-5925 3907
5926 -3907
-5925 -3907
3908 5925
3908 -5925
-3907 5925
-3907 -5925
5917 3924
-5916 3924
5917 -3924
-5916 -3924
3925 5916
3925 -5916
-3924 5916
-3924 -5916
5909 3939
-5908 3939
5909 -3939
-5908 -3939
3940 5908
3940 -5908
-3939 5908
-3939 -5908
5902 3952
-5901 3952
5902 -3952
-5901 -3952
3953 5901
3953 -5901
-3952 5901
-3952 -5901
5889 3976
-5888 3976
5889 -3976
-5888 -3976
3977 5888
3977 -5888
-3976 5888
-3976 -5888
5883 3987
-5882 3987
5883 -3987
-5882 -3987
3988 5882
3988 -5882
-3987 5882
-3987 -5882
5872 4007
-5871 4007
5872 -4007
-5871 -4007
4008 5871
4008 -5871
-4007 5871
-4007 -5871
5867 4016
-5866 4016
5867 -4016
-5866 -4016
4017 5866
4017 -5866
-4016 5866
-4016 -5866
5853 4041
-5852 4041
5853 -4041
-5852 -4041
4042 5852
4042 -5852
-4041 5852
-4041 -5852
5844 4057
-5843 4057
5844 -4057
-5843 -4057
4058 5843
4058 -5843
-4057 5843
-4057 -5843
5831 4080
-5830 4080
5831 -4080
-5830 -4080
4081 5830
4081 -5830
-4080 5830
-4080 -5830
5827 4087
-5826 4087
5827 -4087
-5826 -4087
4088 5826
4088 -5826
-4087 5826
-4087 -5826
5816 4106
-5815 4106
5816 -4106
-5815 -4106
4107 5815
4107 -5815
-4106 5815
-4106 -5815
5809 4118
-5808 4118
5809 -4118
-5808 -4118
4119 5808
4119 -5808
-4118 5808
-4118 -5808
5799 4135
-5798 4135
5799 -4135
-5798 -4135
4136 5798
4136 -5798
-4135 5798
-4135 -5798
5786 4157
-5785 4157
5786 -4157
-5785 -4157
4158 5785
4158 -5785
-4157 5785
-4157 -5785
5783 4162
-5782 4162
5783 -4162
-5782 -4162
4163 5782
4163 -5782
-4162 5782
-4162 -5782
5769 4185
-5768 4185
5769 -4185
-5768 -4185
4186 5768
4186 -5768
-4185 5768
-4185 -5768
5758 4203
-5757 4203
5758 -4203
-5757 -4203
4204 5757
4204 -5757
-4203 5757
-4203 -5757
5750 4216
-5749 4216
5750 -4216
-5749 -4216
4217 5749
4217 -5749
-4216 5749
-4216 -5749
5737 4237
-5736 4237
5737 -4237
-5736 -4237
4238 5736
4238 -5736
-4237 5736
-4237 -5736
5732 4245
-5731 4245
5732 -4245
-5731 -4245
4246 5731
4246 -5731
-4245 5731
-4245 -5731
5720 4264
-5719 4264
5720 -4264
-5719 -4264
4265 5719
4265 -5719
-4264 5719
-4264 -5719
5713 4275
-5712 4275
5713 -4275
-5712 -4275
4276 5712
4276 -5712
-4275 5712
-4275 -5712
5704 4289
-5703 4289
5704 -4289
-5703 -4289
4290 5703
4290 -5703
-4289 5703
-4289 -5703
5693 4306
-5692 4306
5693 -4306
-5692 -4306
4307 5692
4307 -5692
-4306 5692
-4306 -5692
5680 4326
-5679 4326
5680 -4326
-5679 -4326
4327 5679
4327 -5679
-4326 5679
-4326 -5679
5665 4349
-5664 4349
5665 -4349
-5664 -4349
4350 5664
4350 -5664
-4349 5664
-4349 -5664
5663 4352
-5662 4352
5663 -4352
-5662 -4352
4353 5662
4353 -5662
-4352 5662
-4352 -5662
5648 4374
-5647 4374
5648 -4374
-5647 -4374
4375 5647
4375 -5647
-4374 5647
-4374 -5647
5635 4393
-5634 4393
5635 -4393
-5634 -4393
4394 5634
4394 -5634
-4393 5634
-4393 -5634
5624 4409
-5623 4409
5624 -4409
-5623 -4409
4410 5623
4410 -5623
-4409 5623
-4409 -5623
5615 4422
-5614 4422
5615 -4422
-5614 -4422
4423 5614
4423 -5614
-4422 5614
-4422 -5614
5599 4445
-5598 4445
5599 -4445
-5598 -4445
4446 5598
4446 -5598
-4445 5598
-4445 -5598
5592 4455
-5591 4455
5592 -4455
-5591 -4455
4456 5591
4456 -5591
-4455 5591
-4455 -5591
5580 4472
-5579 4472
5580 -4472
-5579 -4472
4473 5579
4473 -5579
-4472 5579
-4472 -5579
5575 4479
-5574 4479
5575 -4479
-5574 -4479
4480 5574
4480 -5574
-4479 5574
-4479 -5574
5562 4497
-5561 4497
5562 -4497
-5561 -4497
4498 5561
4498 -5561
-4497 5561
-4497 -5561
5554 4508
-5553 4508
5554 -4508
-5553 -4508
4509 5553
4509 -5553
-4508 5553
-4508 -5553
5543 4523
-5542 4523
5543 -4523
-5542 -4523
4524 5542
4524 -5542
-4523 5542
-4523 -5542
5529 4542
-5528 4542
5529 -4542
-5528 -4542
4543 5528
4543 -5528
-4542 5528
-4542 -5528
5512 4565
-5511 4565
5512 -4565
-5511 -4565
4566 5511
4566 -5511
-4565 5511
-4565 -5511
5509 4569
-5508 4569
5509 -4569
-5508 -4569
4570 5508
4570 -5508
-4569 5508
-4569 -5508
5493 4590
-5492 4590
5493 -4590
-5492 -4590
4591 5492
4591 -5492
-4590 5492
-4590 -5492
5480 4607
-5479 4607
5480 -4607
-5479 -4607
4608 5479
4608 -5479
-4607 5479
-4607 -5479
5470 4620
-5469 4620
5470 -4620
-5469 -4620
4621 5469
4621 -5469
-4620 5469
-4620 -5469
5453 4642
-5452 4642
5453 -4642
-5452 -4642
4643 5452
4643 -5452
-4642 5452
-4642 -5452
5446 4651
-5445 4651
5446 -4651
-5445 -4651
4652 5445
4652 -5445
-4651 5445
-4651 -5445
5435 4665
-5434 4665
5435 -4665
-5434 -4665
4666 5434
4666 -5434
-4665 5434
-4665 -5434
5420 4684
-5419 4684
5420 -4684
-5419 -4684
4685 5419
4685 -5419
-4684 5419
-4684 -5419
5416 4689
-5415 4689
5416 -4689
-5415 -4689
4690 5415
4690 -5415
-4689 5415
-4689 -5415
5399 4710
-5398 4710
5399 -4710
-5398 -4710
4711 5398
4711 -5398
-4710 5398
-4710 -5398
5386 4726
-5385 4726
5386 -4726
-5385 -4726
4727 5385
4727 -5385
-4726 5385
-4726 -5385
5377 4737
-5376 4737
5377 -4737
-5376 -4737
4738 5376
4738 -5376
-4737 5376
-4737 -5376
5363 4754
-5362 4754
5363 -4754
-5362 -4754
4755 5362
4755 -5362
-4754 5362
-4754 -5362
5358 4760
-5357 4760
5358 -4760
-5357 -4760
4761 5357
4761 -5357
-4760 5357
-4760 -5357
5342 4779
-5341 4779
5342 -4779
-5341 -4779
4780 5341
4780 -5341
-4779 5341
-4779 -5341
5331 4792
-5330 4792
5331 -4792
-5330 -4792
4793 5330
4793 -5330
-4792 5330
-4792 -5330
5314 4812
-5313 4812
5314 -4812
-5313 -4812
4813 5313
4813 -5313
-4812 5313
-4812 -5313
5308 4819
-5307 4819
5308 -4819
-5307 -4819
4820 5307
4820 -5307
-4819 5307
-4819 -5307
5295 4834
-5294 4834
5295 -4834
-5294 -4834
4835 5294
4835 -5294
-4834 5294
-4834 -5294
5288 4842
-5287 4842
5288 -4842
-5287 -4842
4843 5287
4843 -5287
-4842 5287
-4842 -5287
5273 4859
-5272 4859
5273 -4859
-5272 -4859
4860 5272
4860 -5272
-4859 5272
-4859 -5272
5265 4868
-5264 4868
5265 -4868
-5264 -4868
4869 5264
4869 -5264
-4868 5264
-4868 -5264
5248 4887
-5247 4887
5248 -4887
-5247 -4887
4888 5247
4888 -5247
-4887 5247
-4887 -5247
5239 4897
-5238 4897
5239 -4897
-5238 -4897
4898 5238
4898 -5238
-4897 5238
-4897 -5238
5220 4918
-5219 4918
5220 -4918
-5219 -4918
4919 5219
4919 -5219
-4918 5219
-4918 -5219
5210 4929
-5209 4929
5210 -4929
-5209 -4929
4930 5209
4930 -5209
-4929 5209
-4929 -5209
5199 4941
-5198 4941
5199 -4941
-5198 -4941
4942 5198
4942 -5198
-4941 5198
-4941 -5198
5187 4954
-5186 4954
5187 -4954
-5186 -4954
4955 5186
4955 -5186
-4954 5186
-4954 -5186
5174 4968
-5173 4968
5174 -4968
-5173 -4968
4969 5173
4969 -5173
-4968 5173
-4968 -5173
5160 4983
-5159 4983
5160 -4983
-5159 -4983
4984 5159
4984 -5159
-4983 5159
-4983 -5159
5145 4999
-5144 4999
5145 -4999
-5144 -4999
5000 5144
5000 -5144
-4999 5144
-4999 -5144
5129 5016
-5128 5016
5129 -5016
-5128 -5016
5017 5128
5017 -5128
-5016 5128
-5016 -5128
5112 5034
-5111 5034
5112 -5034
-5111 -5034
5035 5111
5035 -5111
-5034 5111
-5034 -5111
5094 5053
-5093 5053
5094 -5053
-5093 -5053
5054 5093
5054 -5093
-5053 5093
-5053 -5093
5075 5073
-5074 5073
5075 -5073
-5074 -5073
5074 5074
5074 -5074
-5073 5074
-5073 -5074
