2000
6761 1
-6761 1
6761 -1
-6761 -1
1 6761
1 -6761
-1 6761
-1 -6761
6760 41
-6760 41
6760 -41
-6760 -41
41 6760
41 -6760
-41 6760
-41 -6760
6759 80
-6759 80
6759 -80
-6759 -80
80 6759
80 -6759
-80 6759
-80 -6759
6758 118
-6758 118
6758 -118
-6758 -118
118 6758
118 -6758
-118 6758
-118 -6758
6757 155
-6757 155
6757 -155
-6757 -155
155 6757
155 -6757
-155 6757
-155 -6757
6756 191
-6756 191
6756 -191
-6756 -191
191 6756
191 -6756
-191 6756
-191 -6756
6755 226
-6755 226
6755 -226
-6755 -226
226 6755
226 -6755
-226 6755
-226 -6755
6754 260
-6754 260
6754 -260
-6754 -260
260 6754
260 -6754
-260 6754
-260 -6754
6753 293
-6753 293
6753 -293
-6753 -293
293 6753
293 -6753
-293 6753
-293 -6753
6752 325
-6752 325
6752 -325
-6752 -325
325 6752
325 -6752
-325 6752
-325 -6752
6751 356
-6751 356
6751 -356
-6751 -356
356 6751
356 -6751
-356 6751
-356 -6751
6750 386
-6750 386
6750 -386
-6750 -386
386 6750
386 -6750
-386 6750
-386 -6750
6749 415
-6749 415
6749 -415
-6749 -415
415 6749
415 -6749
-415 6749
-415 -6749
6748 443
-6748 443
6748 -443
-6748 -443
443 6748
443 -6748
-443 6748
-443 -6748
6747 470
-6747 470
6747 -470
-6747 -470
470 6747
470 -6747
-470 6747
-470 -6747
6746 496
-6746 496
6746 -496
-6746 -496
496 6746
496 -6746
-496 6746
-496 -6746
6745 521
-6745 521
6745 -521
-6745 -521
521 6745
521 -6745
-521 6745
-521 -6745
6744 545
-6744 545
6744 -545
-6744 -545
545 6744
545 -6744
-545 6744
-545 -6744
6743 568
-6743 568
6743 -568
-6743 -568
568 6743
568 -6743
-568 6743
-568 -6743
6742 590
-6742 590
6742 -590
-6742 -590
590 6742
590 -6742
-590 6742
-590 -6742
6741 611
-6741 611
6741 -611
-6741 -611
611 6741
611 -6741
-611 6741
-611 -6741
6740 631
-6740 631
6740 -631
-6740 -631
631 6740
631 -6740
-631 6740
-631 -6740
6738 670
-6738 670
6738 -670
-6738 -670
670 6738
670 -6738
-670 6738
-670 -6738
6737 689
-6737 689
6737 -689
-6737 -689
689 6737
689 -6737
-689 6737
-689 -6737
6735 726
-6735 726
6735 -726
-6735 -726
726 6735
726 -6735
-726 6735
-726 -6735
6734 744
-6734 744
6734 -744
-6734 -744
744 6734
744 -6734
-744 6734
-744 -6734
6732 779
-6732 779
6732 -779
-6732 -779
779 6732
779 -6732
-779 6732
-779 -6732
6731 796
-6731 796
6731 -796
-6731 -796
796 6731
796 -6731
-796 6731
-796 -6731
6729 829
-6729 829
6729 -829
-6729 -829
829 6729
829 -6729
-829 6729
-829 -6729
6728 845
-6728 845
6728 -845
-6728 -845
845 6728
845 -6728
-845 6728
-845 -6728
6726 876
-6726 876
6726 -876
-6726 -876
876 6726
876 -6726
-876 6726
-876 -6726
6725 891
-6725 891
6725 -891
-6725 -891
891 6725
891 -6725
-891 6725
-891 -6725
6723 920
-6723 920
6723 -920
-6723 -920
920 6723
920 -6723
-920 6723
-920 -6723
6722 934
-6722 934
6722 -934
-6722 -934
934 6722
934 -6722
-934 6722
-934 -6722
6720 961
-6720 961
6720 -961
-6720 -961
961 6720
961 -6720
-961 6720
-961 -6720
6719 974
-6719 974
6719 -974
-6719 -974
974 6719
974 -6719
-974 6719
-974 -6719
6716 1012
-6716 1012
6716 -1012
-6716 -1012
1012 6716
1012 -6716
-1012 6716
-1012 -6716
6714 1037
-6714 1037
6714 -1037
-6714 -1037
1037 6714
1037 -6714
-1037 6714
-1037 -6714
6711 1074
-6711 1074
6711 -1074
-6711 -1074
1074 6711
1074 -6711
-1074 6711
-1074 -6711
6710 1086
-6710 1086
6710 -1086
-6710 -1086
1086 6710
1086 -6710
-1086 6710
-1086 -6710
6707 1121
-6707 1121
6707 -1121
-6707 -1121
1121 6707
1121 -6707
-1121 6707
-1121 -6707
6705 1144
-6705 1144
6705 -1144
-6705 -1144
1144 6705
1144 -6705
-1144 6705
-1144 -6705
6702 1178
-6702 1178
6702 -1178
-6702 -1178
1178 6702
1178 -6702
-1178 6702
-1178 -6702
6701 1189
-6701 1189
6701 -1189
-6701 -1189
1189 6701
1189 -6701
-1189 6701
-1189 -6701
6698 1221
-6698 1221
6698 -1221
-6698 -1221
1221 6698
1221 -6698
-1221 6698
-1221 -6698
6696 1242
-6696 1242
6696 -1242
-6696 -1242
1242 6696
1242 -6696
-1242 6696
-1242 -6696
6693 1273
-6693 1273
6693 -1273
-6693 -1273
1273 6693
1273 -6693
-1273 6693
-1273 -6693
6692 1283
-6692 1283
6692 -1283
-6692 -1283
1283 6692
1283 -6692
-1283 6692
-1283 -6692
6689 1312
-6689 1312
6689 -1312
-6689 -1312
1312 6689
1312 -6689
-1312 6689
-1312 -6689
6687 1331
-6687 1331
6687 -1331
-6687 -1331
1331 6687
1331 -6687
-1331 6687
-1331 -6687
6684 1359
-6684 1359
6684 -1359
-6684 -1359
1359 6684
1359 -6684
-1359 6684
-1359 -6684
6680 1396
-6680 1396
6680 -1396
-6680 -1396
1396 6680
1396 -6680
-1396 6680
-1396 -6680
6679 1405
-6679 1405
6679 -1405
-6679 -1405
1405 6679
1405 -6679
-1405 6679
-1405 -6679
6675 1440
-6675 1440
6675 -1440
-6675 -1440
1440 6675
1440 -6675
-1440 6675
-1440 -6675
6672 1466
-6672 1466
6672 -1466
-6672 -1466
1466 6672
1466 -6672
-1466 6672
-1466 -6672
6670 1483
-6670 1483
6670 -1483
-6670 -1483
1483 6670
1483 -6670
-1483 6670
-1483 -6670
6667 1508
-6667 1508
6667 -1508
-6667 -1508
1508 6667
1508 -6667
-1508 6667
-1508 -6667
6663 1541
-6663 1541
6663 -1541
-6663 -1541
1541 6663
1541 -6663
-1541 6663
-1541 -6663
6662 1549
-6662 1549
6662 -1549
-6662 -1549
1549 6662
1549 -6662
-1549 6662
-1549 -6662
6658 1580
-6658 1580
6658 -1580
-6658 -1580
1580 6658
1580 -6658
-1580 6658
-1580 -6658
6655 1603
-6655 1603
6655 -1603
-6655 -1603
1603 6655
1603 -6655
-1603 6655
-1603 -6655
6653 1618
-6653 1618
6653 -1618
-6653 -1618
1618 6653
1618 -6653
-1618 6653
-1618 -6653
6650 1640
-6650 1640
6650 -1640
-6650 -1640
1640 6650
1640 -6650
-1640 6650
-1640 -6650
6646 1669
-6646 1669
6646 -1669
-6646 -1669
1669 6646
1669 -6646
-1669 6646
-1669 -6646
6641 1705
-6641 1705
6641 -1705
-6641 -1705
1705 6641
1705 -6641
-1705 6641
-1705 -6641
6640 1712
-6640 1712
6640 -1712
-6640 -1712
1712 6640
1712 -6640
-1712 6640
-1712 -6640
6635 1746
-6635 1746
6635 -1746
-6635 -1746
1746 6635
1746 -6635
-1746 6635
-1746 -6635
6631 1773
-6631 1773
6631 -1773
-6631 -1773
1773 6631
1773 -6631
-1773 6631
-1773 -6631
6628 1793
-6628 1793
6628 -1793
-6628 -1793
1793 6628
1793 -6628
-1793 6628
-1793 -6628
6623 1826
-6623 1826
6623 -1826
-6623 -1826
1826 6623
1826 -6623
-1826 6623
-1826 -6623
6621 1839
-6621 1839
6621 -1839
-6621 -1839
1839 6621
1839 -6621
-1839 6621
-1839 -6621
6616 1871
-6616 1871
6616 -1871
-6616 -1871
1871 6616
1871 -6616
-1871 6616
-1871 -6616
6613 1890
-6613 1890
6613 -1890
-6613 -1890
1890 6613
1890 -6613
-1890 6613
-1890 -6613
6609 1915
-6609 1915
6609 -1915
-6609 -1915
1915 6609
1915 -6609
-1915 6609
-1915 -6609
6604 1946
-6604 1946
6604 -1946
-6604 -1946
1946 6604
1946 -6604
-1946 6604
-1946 -6604
6603 1952
-6603 1952
6603 -1952
-6603 -1952
1952 6603
1952 -6603
-1952 6603
-1952 -6603
6598 1981
-6598 1981
6598 -1981
-6598 -1981
1981 6598
1981 -6598
-1981 6598
-1981 -6598
6594 2004
-6594 2004
6594 -2004
-6594 -2004
2004 6594
2004 -6594
-2004 6594
-2004 -6594
6591 2021
-6591 2021
6591 -2021
-6591 -2021
2021 6591
2021 -6591
-2021 6591
-2021 -6591
6586 2049
-6586 2049
6586 -2049
-6586 -2049
2049 6586
2049 -6586
-2049 6586
-2049 -6586
6584 2060
-6584 2060
6584 -2060
-6584 -2060
2060 6584
2060 -6584
-2060 6584
-2060 -6584
6579 2087
-6579 2087
6579 -2087
-6579 -2087
2087 6579
2087 -6579
-2087 6579
-2087 -6579
6576 2103
-6576 2103
6576 -2103
-6576 -2103
2103 6576
2103 -6576
-2103 6576
-2103 -6576
6572 2124
-6572 2124
6572 -2124
-6572 -2124
2124 6572
2124 -6572
-2124 6572
-2124 -6572
6567 2150
-6567 2150
6567 -2150
-6567 -2150
2150 6567
2150 -6567
-2150 6567
-2150 -6567
6561 2181
-6561 2181
6561 -2181
-6561 -2181
2181 6561
2181 -6561
-2181 6561
-2181 -6561
6560 2186
-6560 2186
6560 -2186
-6560 -2186
2186 6560
2186 -6560
-2186 6560
-2186 -6560
6554 2215
-6554 2215
6554 -2215
-6554 -2215
2215 6554
2215 -6554
-2215 6554
-2215 -6554
6549 2239
-6549 2239
6549 -2239
-6549 -2239
2239 6549
2239 -6549
-2239 6549
-2239 -6549
6545 2258
-6545 2258
6545 -2258
-6545 -2258
2258 6545
2258 -6545
-2258 6545
-2258 -6545
6538 2291
-6538 2291
6538 -2291
-6538 -2291
2291 6538
2291 -6538
-2291 6538
-2291 -6538
6535 2305
-6535 2305
6535 -2305
-6535 -2305
2305 6535
2305 -6535
-2305 6535
-2305 -6535
6530 2328
-6530 2328
6530 -2328
-6530 -2328
2328 6530
2328 -6530
-2328 6530
-2328 -6530
6523 2360
-6523 2360
6523 -2360
-6523 -2360
2360 6523
2360 -6523
-2360 6523
-2360 -6523
6521 2369
-6521 2369
6521 -2369
-6521 -2369
2369 6521
2369 -6521
-2369 6521
-2369 -6521
6514 2400
-6514 2400
6514 -2400
-6514 -2400
2400 6514
2400 -6514
-2400 6514
-2400 -6514
6509 2422
-6509 2422
6509 -2422
-6509 -2422
2422 6509
2422 -6509
-2422 6509
-2422 -6509
6506 2435
-6506 2435
6506 -2435
-6506 -2435
2435 6506
2435 -6506
-2435 6506
-2435 -6506
6499 2465
-6499 2465
6499 -2465
-6499 -2465
2465 6499
2465 -6499
-2465 6499
-2465 -6499
6495 2482
-6495 2482
6495 -2482
-6495 -2482
2482 6495
2482 -6495
-2482 6495
-2482 -6495
6490 2503
-6490 2503
6490 -2503
-6490 -2503
2503 6490
2503 -6490
-2503 6490
-2503 -6490
6484 2528
-6484 2528
6484 -2528
-6484 -2528
2528 6484
2528 -6484
-2528 6484
-2528 -6484
6477 2557
-6477 2557
6477 -2557
-6477 -2557
2557 6477
2557 -6477
-2557 6477
-2557 -6477
6476 2561
-6476 2561
6476 -2561
-6476 -2561
2561 6476
2561 -6476
-2561 6476
-2561 -6476
6468 2592
-6468 2592
6468 -2592
-6468 -2592
2592 6468
2592 -6468
-2592 6468
-2592 -6468
6461 2619
-6461 2619
6461 -2619
-6461 -2619
2619 6461
2619 -6461
-2619 6461
-2619 -6461
6455 2642
-6455 2642
6455 -2642
-6455 -2642
2642 6455
2642 -6455
-2642 6455
-2642 -6455
6450 2661
-6450 2661
6450 -2661
-6450 -2661
2661 6450
2661 -6450
-2661 6450
-2661 -6450
6446 2676
-6446 2676
6446 -2676
-6446 -2676
2676 6446
2676 -6446
-2676 6446
-2676 -6446
6439 2702
-6439 2702
6439 -2702
-6439 -2702
2702 6439
2702 -6439
-2702 6439
-2702 -6439
6436 2713
-6436 2713
6436 -2713
-6436 -2713
2713 6436
2713 -6436
-2713 6436
-2713 -6436
6428 2742
-6428 2742
6428 -2742
-6428 -2742
2742 6428
2742 -6428
-2742 6428
-2742 -6428
6423 2760
-6423 2760
6423 -2760
-6423 -2760
2760 6423
2760 -6423
-2760 6423
-2760 -6423
6416 2785
-6416 2785
6416 -2785
-6416 -2785
2785 6416
2785 -6416
-2785 6416
-2785 -6416
6414 2792
-6414 2792
6414 -2792
-6414 -2792
2792 6414
2792 -6414
-2792 6414
-2792 -6414
6405 2823
-6405 2823
6405 -2823
-6405 -2823
2823 6405
2823 -6405
-2823 6405
-2823 -6405
6398 2847
-6398 2847
6398 -2847
-6398 -2847
2847 6398
2847 -6398
-2847 6398
-2847 -6398
6393 2864
-6393 2864
6393 -2864
-6393 -2864
2864 6393
2864 -6393
-2864 6393
-2864 -6393
6385 2891
-6385 2891
6385 -2891
-6385 -2891
2891 6385
2891 -6385
-2891 6385
-2891 -6385
6382 2901
-6382 2901
6382 -2901
-6382 -2901
2901 6382
2901 -6382
-2901 6382
-2901 -6382
6375 2924
-6375 2924
6375 -2924
-6375 -2924
2924 6375
2924 -6375
-2924 6375
-2924 -6375
6371 2937
-6371 2937
6371 -2937
-6371 -2937
2937 6371
2937 -6371
-2937 6371
-2937 -6371
6362 2966
-6362 2966
6362 -2966
-6362 -2966
2966 6362
2966 -6362
-2966 6362
-2966 -6362
6357 2982
-6357 2982
6357 -2982
-6357 -2982
2982 6357
2982 -6357
-2982 6357
-2982 -6357
6351 3001
-6351 3001
6351 -3001
-6351 -3001
3001 6351
3001 -6351
-3001 6351
-3001 -6351
6344 3023
-6344 3023
6344 -3023
-6344 -3023
3023 6344
3023 -6344
-3023 6344
-3023 -6344
6336 3048
-6336 3048
6336 -3048
-6336 -3048
3048 6336
3048 -6336
-3048 6336
-3048 -6336
6327 3076
-6327 3076
6327 -3076
-6327 -3076
3076 6327
3076 -6327
-3076 6327
-3076 -6327
6326 3079
-6326 3079
6326 -3079
-6326 -3079
3079 6326
3079 -6326
-3079 6326
-3079 -6326
6316 3108
-6316 3108
6316 -3108
-6316 -3108
3108 6316
3108 -6316
-3108 6316
-3108 -6316
6307 3134
-6307 3134
6307 -3134
-6307 -3134
3134 6307
3134 -6307
-3134 6307
-3134 -6307
6299 3157
-6299 3157
6299 -3157
-6299 -3157
3157 6299
3157 -6299
-3157 6299
-3157 -6299
6292 3177
-6292 3177
6292 -3177
-6292 -3177
3177 6292
3177 -6292
-3177 6292
-3177 -6292
6286 3194
-6286 3194
6286 -3194
-6286 -3194
3194 6286
3194 -6286
-3194 6286
-3194 -6286
6281 3208
-6281 3208
6281 -3208
-6281 -3208
3208 6281
3208 -6281
-3208 6281
-3208 -6281
6272 3233
-6272 3233
6272 -3233
-6272 -3233
3233 6272
3233 -6272
-3233 6272
-3233 -6272
6268 3244
-6268 3244
6268 -3244
-6268 -3244
3244 6268
3244 -6268
-3244 6268
-3244 -6268
6261 3263
-6261 3263
6261 -3263
-6261 -3263
3263 6261
3263 -6261
-3263 6261
-3263 -6261
6251 3290
-6251 3290
6251 -3290
-6251 -3290
3290 6251
3290 -6251
-3290 6251
-3290 -6251
6248 3298
-6248 3298
6248 -3298
-6248 -3298
3298 6248
3298 -6248
-3298 6248
-3298 -6248
6237 3327
-6237 3327
6237 -3327
-6237 -3327
3327 6237
3327 -6237
-3327 6237
-3327 -6237
6229 3348
-6229 3348
6229 -3348
-6229 -3348
3348 6229
3348 -6229
-3348 6229
-3348 -6229
6224 3361
-6224 3361
6224 -3361
-6224 -3361
3361 6224
3361 -6224
-3361 6224
-3361 -6224
6217 3379
-6217 3379
6217 -3379
-6217 -3379
3379 6217
3379 -6217
-3379 6217
-3379 -6217
6208 3402
-6208 3402
6208 -3402
-6208 -3402
3402 6208
3402 -6208
-3402 6208
-3402 -6208
6197 3430
-6197 3430
6197 -3430
-6197 -3430
3430 6197
3430 -6197
-3430 6197
-3430 -6197
6195 3435
-6195 3435
6195 -3435
-6195 -3435
3435 6195
3435 -6195
-3435 6195
-3435 -6195
6184 3462
-6184 3462
6184 -3462
-6184 -3462
3462 6184
3462 -6184
-3462 6184
-3462 -6184
6175 3484
-6175 3484
6175 -3484
-6175 -3484
3484 6175
3484 -6175
-3484 6175
-3484 -6175
6168 3501
-6168 3501
6168 -3501
-6168 -3501
3501 6168
3501 -6168
-3501 6168
-3501 -6168
6163 3513
-6163 3513
6163 -3513
-6163 -3513
3513 6163
3513 -6163
-3513 6163
-3513 -6163
6155 3532
-6155 3532
6155 -3532
-6155 -3532
3532 6155
3532 -6155
-3532 6155
-3532 -6155
6144 3558
-6144 3558
6144 -3558
-6144 -3558
3558 6144
3558 -6144
-3558 6144
-3558 -6144
6141 3565
-6141 3565
6141 -3565
-6141 -3565
3565 6141
3565 -6141
-3565 6141
-3565 -6141
6131 3588
-6131 3588
6131 -3588
-6131 -3588
3588 6131
3588 -6131
-3588 6131
-3588 -6131
6124 3604
-6124 3604
6124 -3604
-6124 -3604
3604 6124
3604 -6124
-3604 6124
-3604 -6124
6113 3629
-6113 3629
6113 -3629
-6113 -3629
3629 6113
3629 -6113
-3629 6113
-3629 -6113
6109 3638
-6109 3638
6109 -3638
-6109 -3638
3638 6109
3638 -6109
-3638 6109
-3638 -6109
6100 3658
-6100 3658
6100 -3658
-6100 -3658
3658 6100
3658 -6100
-3658 6100
-3658 -6100
6095 3669
-6095 3669
6095 -3669
-6095 -3669
3669 6095
3669 -6095
-3669 6095
-3669 -6095
6084 3693
-6084 3693
6084 -3693
-6084 -3693
3693 6084
3693 -6084
-3693 6084
-3693 -6084
6078 3706
-6078 3706
6078 -3706
-6078 -3706
3706 6078
3706 -6078
-3706 6078
-3706 -6078
6071 3721
-6071 3721
6071 -3721
-6071 -3721
3721 6071
3721 -6071
-3721 6071
-3721 -6071
6063 3738
-6063 3738
6063 -3738
-6063 -3738
3738 6063
3738 -6063
-3738 6063
-3738 -6063
6054 3757
-6054 3757
6054 -3757
-6054 -3757
3757 6054
3757 -6054
-3757 6054
-3757 -6054
6044 3778
-6044 3778
6044 -3778
-6044 -3778
3778 6044
3778 -6044
-3778 6044
-3778 -6044
6033 3801
-6033 3801
6033 -3801
-6033 -3801
3801 6033
3801 -6033
-3801 6033
-3801 -6033
6021 3826
-6021 3826
6021 -3826
-6021 -3826
3826 6021
3826 -6021
-3826 6021
-3826 -6021
6008 3853
-6008 3853
6008 -3853
-6008 -3853
3853 6008
3853 -6008
-3853 6008
-3853 -6008
6007 3855
-6007 3855
6007 -3855
-6007 -3855
3855 6007
3855 -6007
-3855 6007
-3855 -6007
5994 3880
-5994 3880
5994 -3880
-5994 -3880
3880 5994
3880 -5994
-3880 5994
-3880 -5994
5982 3903
-5982 3903
5982 -3903
-5982 -3903
3903 5982
3903 -5982
-3903 5982
-3903 -5982
5971 3924
-5971 3924
5971 -3924
-5971 -3924
3924 5971
3924 -5971
-3924 5971
-3924 -5971
5961 3943
-5961 3943
5961 -3943
-5961 -3943
3943 5961
3943 -5961
-3943 5961
-3943 -5961
5952 3960
-5952 3960
5952 -3960
-5952 -3960
3960 5952
3960 -5952
-3960 5952
-3960 -5952
5944 3975
-5944 3975
5944 -3975
-5944 -3975
3975 5944
3975 -5944
-3975 5944
-3975 -5944
5937 3988
-5937 3988
5937 -3988
-5937 -3988
3988 5937
3988 -5937
-3988 5937
-3988 -5937
5924 4012
-5924 4012
5924 -4012
-5924 -4012
4012 5924
4012 -5924
-4012 5924
-4012 -5924
5918 4023
-5918 4023
5918 -4023
-5918 -4023
4023 5918
4023 -5918
-4023 5918
-4023 -5918
5907 4043
-5907 4043
5907 -4043
-5907 -4043
4043 5907
4043 -5907
-4043 5907
-4043 -5907
5902 4052
-5902 4052
5902 -4052
-5902 -4052
4052 5902
4052 -5902
-4052 5902
-4052 -5902
5888 4077
-5888 4077
5888 -4077
-5888 -4077
4077 5888
4077 -5888
-4077 5888
-4077 -5888
5879 4093
-5879 4093
5879 -4093
-5879 -4093
4093 5879
4093 -5879
-4093 5879
-4093 -5879
5866 4116
-5866 4116
5866 -4116
-5866 -4116
4116 5866
4116 -5866
-4116 5866
-4116 -5866
5862 4123
-5862 4123
5862 -4123
-5862 -4123
4123 5862
4123 -5862
-4123 5862
-4123 -5862
5851 4142
-5851 4142
5851 -4142
-5851 -4142
4142 5851
4142 -5851
-4142 5851
-4142 -5851
5844 4154
-5844 4154
5844 -4154
-5844 -4154
4154 5844
4154 -5844
-4154 5844
-4154 -5844
5834 4171
-5834 4171
5834 -4171
-5834 -4171
4171 5834
4171 -5834
-4171 5834
-4171 -5834
5821 4193
-5821 4193
5821 -4193
-5821 -4193
4193 5821
4193 -5821
-4193 5821
-4193 -5821
5818 4198
-5818 4198
5818 -4198
-5818 -4198
4198 5818
4198 -5818
-4198 5818
-4198 -5818
5804 4221
-5804 4221
5804 -4221
-5804 -4221
4221 5804
4221 -5804
-4221 5804
-4221 -5804
5793 4239
-5793 4239
5793 -4239
-5793 -4239
4239 5793
4239 -5793
-4239 5793
-4239 -5793
5785 4252
-5785 4252
5785 -4252
-5785 -4252
4252 5785
4252 -5785
-4252 5785
-4252 -5785
5772 4273
-5772 4273
5772 -4273
-5772 -4273
4273 5772
4273 -5772
-4273 5772
-4273 -5772
5767 4281
-5767 4281
5767 -4281
-5767 -4281
4281 5767
4281 -5767
-4281 5767
-4281 -5767
5755 4300
-5755 4300
5755 -4300
-5755 -4300
4300 5755
4300 -5755
-4300 5755
-4300 -5755
5748 4311
-5748 4311
5748 -4311
-5748 -4311
4311 5748
4311 -5748
-4311 5748
-4311 -5748
5739 4325
-5739 4325
5739 -4325
-5739 -4325
4325 5739
4325 -5739
-4325 5739
-4325 -5739
5728 4342
-5728 4342
5728 -4342
-5728 -4342
4342 5728
4342 -5728
-4342 5728
-4342 -5728
5715 4362
-5715 4362
5715 -4362
-5715 -4362
4362 5715
4362 -5715
-4362 5715
-4362 -5715
5700 4385
-5700 4385
5700 -4385
-5700 -4385
4385 5700
4385 -5700
-4385 5700
-4385 -5700
5698 4388
-5698 4388
5698 -4388
-5698 -4388
4388 5698
4388 -5698
-4388 5698
-4388 -5698
5683 4410
-5683 4410
5683 -4410
-5683 -4410
4410 5683
4410 -5683
-4410 5683
-4410 -5683
5670 4429
-5670 4429
5670 -4429
-5670 -4429
4429 5670
4429 -5670
-4429 5670
-4429 -5670
5659 4445
-5659 4445
5659 -4445
-5659 -4445
4445 5659
4445 -5659
-4445 5659
-4445 -5659
5650 4458
-5650 4458
5650 -4458
-5650 -4458
4458 5650
4458 -5650
-4458 5650
-4458 -5650
5634 4481
-5634 4481
5634 -4481
-5634 -4481
4481 5634
4481 -5634
-4481 5634
-4481 -5634
5627 4491
-5627 4491
5627 -4491
-5627 -4491
4491 5627
4491 -5627
-4491 5627
-4491 -5627
5615 4508
-5615 4508
5615 -4508
-5615 -4508
4508 5615
4508 -5615
-4508 5615
-4508 -5615
5610 4515
-5610 4515
5610 -4515
-5610 -4515
4515 5610
4515 -5610
-4515 5610
-4515 -5610
5597 4533
-5597 4533
5597 -4533
-5597 -4533
4533 5597
4533 -5597
-4533 5597
-4533 -5597
5589 4544
-5589 4544
5589 -4544
-5589 -4544
4544 5589
4544 -5589
-4544 5589
-4544 -5589
5578 4559
-5578 4559
5578 -4559
-5578 -4559
4559 5578
4559 -5578
-4559 5578
-4559 -5578
5564 4578
-5564 4578
5564 -4578
-5564 -4578
4578 5564
4578 -5564
-4578 5564
-4578 -5564
5547 4601
-5547 4601
5547 -4601
-5547 -4601
4601 5547
4601 -5547
-4601 5547
-4601 -5547
5544 4605
-5544 4605
5544 -4605
-5544 -4605
4605 5544
4605 -5544
-4605 5544
-4605 -5544
5528 4626
-5528 4626
5528 -4626
-5528 -4626
4626 5528
4626 -5528
-4626 5528
-4626 -5528
5515 4643
-5515 4643
5515 -4643
-5515 -4643
4643 5515
4643 -5515
-4643 5515
-4643 -5515
5505 4656
-5505 4656
5505 -4656
-5505 -4656
4656 5505
4656 -5505
-4656 5505
-4656 -5505
5488 4678
-5488 4678
5488 -4678
-5488 -4678
4678 5488
4678 -5488
-4678 5488
-4678 -5488
5481 4687
-5481 4687
5481 -4687
-5481 -4687
4687 5481
4687 -5481
-4687 5481
-4687 -5481
5470 4701
-5470 4701
5470 -4701
-5470 -4701
4701 5470
4701 -5470
-4701 5470
-4701 -5470
5455 4720
-5455 4720
5455 -4720
-5455 -4720
4720 5455
4720 -5455
-4720 5455
-4720 -5455
5451 4725
-5451 4725
5451 -4725
-5451 -4725
4725 5451
4725 -5451
-4725 5451
-4725 -5451
5434 4746
-5434 4746
5434 -4746
-5434 -4746
4746 5434
4746 -5434
-4746 5434
-4746 -5434
5421 4762
-5421 4762
5421 -4762
-5421 -4762
4762 5421
4762 -5421
-4762 5421
-4762 -5421
5412 4773
-5412 4773
5412 -4773
-5412 -4773
4773 5412
4773 -5412
-4773 5412
-4773 -5412
5398 4790
-5398 4790
5398 -4790
-5398 -4790
4790 5398
4790 -5398
-4790 5398
-4790 -5398
5393 4796
-5393 4796
5393 -4796
-5393 -4796
4796 5393
4796 -5393
-4796 5393
-4796 -5393
5377 4815
-5377 4815
5377 -4815
-5377 -4815
4815 5377
4815 -5377
-4815 5377
-4815 -5377
5366 4828
-5366 4828
5366 -4828
-5366 -4828
4828 5366
4828 -5366
-4828 5366
-4828 -5366
5349 4848
-5349 4848
5349 -4848
-5349 -4848
4848 5349
4848 -5349
-4848 5349
-4848 -5349
5343 4855
-5343 4855
5343 -4855
-5343 -4855
4855 5343
4855 -5343
-4855 5343
-4855 -5343
5330 4870
-5330 4870
5330 -4870
-5330 -4870
4870 5330
4870 -5330
-4870 5330
-4870 -5330
5323 4878
-5323 4878
5323 -4878
-5323 -4878
4878 5323
4878 -5323
-4878 5323
-4878 -5323
5308 4895
-5308 4895
5308 -4895
-5308 -4895
4895 5308
4895 -5308
-4895 5308
-4895 -5308
5300 4904
-5300 4904
5300 -4904
-5300 -4904
4904 5300
4904 -5300
-4904 5300
-4904 -5300
5283 4923
-5283 4923
5283 -4923
-5283 -4923
4923 5283
4923 -5283
-4923 5283
-4923 -5283
5274 4933
-5274 4933
5274 -4933
-5274 -4933
4933 5274
4933 -5274
-4933 5274
-4933 -5274
5255 4954
-5255 4954
5255 -4954
-5255 -4954
4954 5255
4954 -5255
-4954 5255
-4954 -5255
5245 4965
-5245 4965
5245 -4965
-5245 -4965
4965 5245
4965 -5245
-4965 5245
-4965 -5245
5234 4977
-5234 4977
5234 -4977
-5234 -4977
4977 5234
4977 -5234
-4977 5234
-4977 -5234
5222 4990
-5222 4990
5222 -4990
-5222 -4990
4990 5222
4990 -5222
-4990 5222
-4990 -5222
5209 5004
-5209 5004
5209 -5004
-5209 -5004
5004 5209
5004 -5209
-5004 5209
-5004 -5209
5195 5019
-5195 5019
5195 -5019
-5195 -5019
5019 5195
5019 -5195
-5019 5195
-5019 -5195
5180 5035
-5180 5035
5180 -5035
-5180 -5035
5035 5180
5035 -5180
-5035 5180
-5035 -5180
5164 5052
-5164 5052
5164 -5052
-5164 -5052
5052 5164
5052 -5164
-5052 5164
-5052 -5164
5147 5070
-5147 5070
5147 -5070
-5147 -5070
5070 5147
5070 -5147
-5070 5147
-5070 -5147
5129 5089
-5129 5089
5129 -5089
-5129 -5089
5089 5129
5089 -5129
-5089 5129
-5089 -5129
5110 5109
-5110 5109
5110 -5109
-5110 -5109
5109 5110
5109 -5110
-5109 5110
-5109 -5110
