2000
5446 519
-3185 -9775
-2978 4138
-734 6513
-2103 2001
-9209 9717
-1551 -6925
2307 -7384
7776 9460
1448 9428
-1657 4039
9271 -5897
3191 -5185
63 -1213
-354 9216
-1959 -1316
-3847 7664
-5156 -4805
4168 -8680
-2893 2858
-3975 6844
2565 4868
5068 4583
-1024 -3159
-4985 4136
4391 -2983
-7455 1527
5860 -5869
7443 -572
1496 -9728
-2615 257
-3129 6642
4882 1383
-866 4455
-1002 -7992
3091 3387
-2131 7978
-6015 -4298
4681 9363
-2894 8377
-8522 7246
-1029 8417
5035 -8221
7035 -8341
6885 -9867
-7882 3625
6862 -2974
-8483 6421
-6075 4578
1662 92
-722 -5439
1803 4547
711 2766
-1766 -8145
1440 117
9825 3269
-4487 1980
-3177 3892
-9044 9461
-2999 -3690
-6597 -6498
-3866 -3822
930 3729
-2459 4344
5576 -6201
1015 5705
534 8744
-7854 1670
2782 -2512
4851 5822
-855 -3644
-6755 -1338
5983 2585
-6905 2804
-2762 -2848
-8716 2849
7115 -4908
6606 634
8654 -9284
3125 5420
757 2210
-6049 6739
-1744 -7784
-1827 4479
-6449 -8747
5612 3772
-3344 2165
-4327 1593
-7656 4868
-230 -4465
9358 -9982
7454 -6089
-5646 2163
-656 8736
-8451 1667
4415 -9379
-6958 128
2982 -3479
-8273 -4142
-7821 9536
-8091 7
8932 4583
-2545 5281
-8412 -2749
5111 -720
7 6133
4747 4280
-6903 4678
-1445 -8543
311 8143
-1041 7082
-9370 -1380
8070 3145
9970 -2002
-491 -2096
77 -355
2240 -9393
-7228 -2939
3346 7518
-9612 6675
-3288 -3425
-6507 -4353
2838 -473
1074 -488
-5988 -7922
-3455 2509
-7425 -5886
8940 1961
-1658 -2170
5740 -8824
-3450 -3072
-982 215
-1618 -5021
6073 5372
2291 -3494
9895 3917
2744 -3952
2817 -3825
1756 4858
2021 -9462
-7459 -6573
594 4764
-9903 2733
-896 7701
3424 -4998
5709 -3728
2947 -6363
-2709 2567
5486 -5653
8697 -7324
397 8767
4628 2657
-6397 6351
-9146 5607
-8360 -1157
4139 8185
-6969 8227
-1532 -6398
-1965 -1795
7885 -7503
5522 587
1529 2558
-5654 -8490
6485 4200
9757 3554
-111 -7035
8031 -5893
-1151 2261
6521 8885
-835 -6926
-5379 -6674
-9771 -6331
3879 626
-8891 3167
3649 9907
-6788 2151
-9537 -5951
-1255 -7091
3981 6251
-4088 -3993
6086 5442
5253 1099
-9916 -8645
-5634 3305
7980 -6225
-2583 5108
1422 -8964
2011 3448
8324 9375
-625 -4060
-3969 6471
8132 5598
4060 4407
-9529 -5934
6346 -5925
-694 6449
-6419 5329
-7761 -8947
-9622 5411
3102 2541
-3476 -1579
-6187 2490
-5387 7050
1686 -4392
2664 -3913
2533 8842
6332 -2745
-5500 -6641
-6140 -6184
-2919 2587
-7472 8829
3775 -7327
8983 -4450
4161 -7641
199 -4369
-5565 -2671
-4034 -1375
-3457 -2187
8502 4060
793 8224
-2626 8572
282 2526
-2881 -9860
-3540 -9557
6302 -1256
1915 -3491
7159 -2075
-8974 8598
7965 86
2703 -5241
991 5545
7301 9506
8973 2296
-3755 3746
-4336 -8510
6302 -347
-8901 9248
8279 3877
-9116 -4344
3674 -6304
9248 -1290
-7001 2715
-2980 7125
857 -70
4339 9262
8972 -8946
-8826 3891
-2942 -1277
1049 -4262
-512 1992
-9884 -1572
-6007 799
7556 -1364
-2815 -8282
7688 7438
-5673 3612
9908 2610
785 9996
1285 4126
6910 -3837
-2863 -5470
-6957 8160
7113 6991
7127 -4773
4914 -7488
3264 2968
-2871 -9616
-905 9317
5309 3931
5229 -4281
1942 9008
7892 592
-1832 2623
1904 -2176
-6599 -9004
-5310 9502
-4403 -6669
2036 -3634
8219 -7561
-4616 2096
-4739 -5124
502 6168
-322 -108
-5817 -4223
-9551 2644
-5720 -1500
8340 -3114
-2341 -4343
5289 5685
-1069 -9172
4615 -4571
-8143 -9246
-7978 -5974
-3309 6800
-3802 -5864
5332 -3070
3916 -2197
6590 -8763
-8462 918
4355 -8216
2157 -8664
-552 -9049
6917 -9968
-6958 5620
8014 -7449
6175 8966
-865 -9176
772 -7822
-7449 -9082
6479 7087
-1559 8634
-7976 2998
5378 5584
-3077 9760
7022 -2884
9659 -9961
1157 9419
2185 -9254
-2736 -4392
1634 2694
8052 -5568
-8529 3404
-9063 -4799
3316 7274
-4200 -661
-6790 5219
5544 2823
-7232 -172
2758 -9005
5457 7728
-2652 -6098
4798 6371
-8938 8032
-3087 -5941
-8127 1077
1037 8579
-3034 -2794
4009 8102
-7792 -1061
7976 -2470
9411 827
-6828 -8370
-7017 -7063
-7416 3261
4105 7059
-5720 8733
3664 4354
6096 -6300
2617 -5986
1165 -9509
-1375 2624
-9538 2978
-3562 3214
-1854 -2901
3438 -8656
9188 -3871
-5525 8371
7773 9466
-3082 4898
-5568 4951
-880 1371
4210 7852
-3303 -1051
-4272 -2021
-9184 -1065
-766 -8804
2415 -88
-7912 -3422
3938 628
3273 -2498
-4865 -3952
8958 -1396
-7295 3059
-5854 5971
4205 1323
6270 3012
-3612 6237
-6945 9122
-6781 6064
-5074 3212
9353 206
-4070 7156
-7818 -1512
-6232 -9599
9661 8176
-8793 5228
-9263 -9561
-7560 2899
-4372 -5383
-3812 -2234
490 1980
278 -7967
-5093 -3592
-1839 -5351
4203 -4447
-8604 5307
4372 -1038
9554 -9466
-8001 8116
3515 797
348 -5862
3960 2662
-4429 1640
5154 1469
-7640 -901
7522 560
-909 7567
-9983 1527
443 8254
5835 4875
-3546 -3421
9652 6000
-4029 -5944
-9583 1925
-1566 1512
-4121 -511
-967 6664
-9255 5609
-9493 -1760
-6953 315
-8416 7305
-2051 -1060
2320 7081
-3209 2267
4911 5725
4506 3746
-6817 -4460
787 -2262
-7632 -1836
595 -1032
4448 2160
5899 -6751
3980 -922
2259 -4482
-726 773
7133 -8829
-1917 7163
-885 -1211
3052 4647
2998 -69
-2876 4242
81 8689
-6407 -9198
9147 9067
-441 -5816
4431 1457
9254 6223
3570 5208
-2055 8266
-7539 7564
5225 -309
4170 -9636
4472 -6775
-4846 5589
-6456 5732
1196 -5097
9489 -1200
5439 -6691
-9295 -9657
-3208 -5863
-3937 -7410
-4984 -5938
8272 -7765
1845 -309
4122 -8122
152 9010
-3458 -2259
6335 4610
1458 -5637
-2517 -5947
9031 -7177
-6444 -5349
-4311 -7222
6572 3925
-3549 1351
-9131 -2711
-8810 -8031
9800 5378
2851 5263
39 4640
-1911 -8755
-7820 -3593
3714 9286
8773 -3117
-3383 9666
-6259 -908
-3935 557
-8301 8684
9413 -2548
-4633 -83
4030 1781
3854 2720
-3179 -7220
5343 -6703
-248 5500
-7392 1607
5790 9985
-1703 1608
-727 6592
5046 2378
-8324 2541
856 -1896
-4354 295
6931 -3916
-5928 -7793
-969 7918
-2473 3860
-3301 -781
2699 -5699
1215 6719
-9600 -8671
-6669 -6672
-2488 -1676
7647 -3378
9802 3054
474 4533
8322 3021
-7735 -5411
-8901 4162
864 -4378
-6446 -4539
-3852 -176
-1191 -456
-5134 9996
5249 4793
3029 -6422
-98 6832
4879 -1122
7901 -6882
-3100 7291
-9797 3391
3362 1143
-7486 8276
9269 -6896
-9276 -1470
6436 8452
-6019 -3718
9388 4640
1667 -2063
7252 -2429
-102 -5151
-5386 5213
-4175 3751
3772 6396
-8032 3574
29 5789
-9765 -9227
4117 -9454
7329 -8685
6525 -4470
-4787 -3039
9307 3370
6484 -3284
4845 4143
3246 4651
-2003 -6243
6924 3973
9338 7045
6749 7908
-9271 -6606
7131 -7324
9718 -8036
3315 928
-7739 7886
4302 7913
1689 8680
-169 2599
-340 -5329
996 -5190
8028 2385
2720 -6874
1197 4713
808 -9670
-9445 5602
577 73
-3586 4651
-8739 4317
422 -6500
7585 -6827
1331 1459
3299 -8283
-809 -6775
1360 -9987
4385 2573
1064 -1647
6481 -983
-2748 -2093
8497 1070
-6886 -6272
-8783 1862
-7382 1288
-7445 -2334
6753 6127
3060 -5103
9246 8426
-8333 -865
-9104 7579
-1851 3964
-187 -3497
9654 6216
9668 -702
9051 -3557
5201 -140
-427 3153
-1125 1782
2598 928
-6571 -7360
-1522 5709
598 -1987
1351 5299
-1842 4144
1102 -5147
7280 -6934
-5565 -8602
4913 -7151
3890 -754
-3944 -1092
-8209 -9201
6610 -6640
5520 -8742
-3500 9293
2181 8029
6426 -505
-6990 8438
-9510 -3602
-207 -4865
5701 -3758
-6480 5206
-8345 -1798
6871 -5343
-2671 3515
-8878 -2023
-6390 -6407
517 -3228
-9051 5416
-4894 -8972
-8806 827
-9322 846
5258 -9825
1791 99
6933 4160
-6723 -8404
-5092 -2059
-4664 6090
-3819 -6615
-2437 -4265
-5302 6309
4738 -7874
-1292 -8545
-19 -3775
2133 -3243
-6058 3893
-8103 6497
8189 8176
954 -901
9958 5304
1365 -3723
8349 2936
-7140 5584
9837 -558
-1590 -4469
-3605 5071
-7614 1499
-8384 8130
608 9534
-290 677
-9209 -5126
6524 -7408
-8266 946
-504 4913
8826 4365
-9768 -7619
-9688 -8818
6102 1601
-4653 1396
-570 53
2249 2405
-362 8437
9038 371
-3338 -4960
-7643 1756
6472 -2413
3823 9005
-8826 -8219
1984 -4461
-1481 -6635
5142 9797
-3599 -5683
5540 -2195
-3277 -3810
-6207 3207
5781 -7549
-2563 5159
-7284 5180
6874 3253
-2276 2994
-7296 7589
-6616 -9516
1197 -2922
-2128 -6296
9560 -6252
1885 896
3569 1438
-7828 7259
231 8334
-4334 2243
-5548 -8882
-2167 7883
7535 9080
7111 7768
-3226 -3016
905 4267
9031 -8603
-4335 2915
-9967 -5381
-1023 -1043
8014 -245
1658 3894
1371 8497
5436 -3392
1173 6668
-8520 1850
-136 1129
-2271 -8656
-3569 -7468
-1899 1838
6263 6899
-8698 2504
3022 -3779
5943 -4412
2835 2318
-7952 -9761
7198 8072
5384 -1249
-2089 690
-3030 2583
-4740 2101
2578 -4291
-5386 8719
3368 -5890
-3549 -7394
3314 -2099
-6095 -9098
7034 5946
-1313 -8851
-8371 -4809
283 3665
5549 -614
6168 -4907
7747 -1601
183 1993
-7741 1593
1760 2352
1144 1334
-3663 3971
-3523 -2015
-5272 17
470 -2954
7265 -6053
-4914 3285
2771 4636
-5957 -6034
-6876 7088
-5321 5526
1408 6369
2128 -3998
-2049 516
-7877 328
8365 2962
9033 -3567
-5167 7463
-6225 -8001
-4004 -1780
-6442 8082
-3850 2315
-8854 7839
1007 6352
5176 350
6574 8128
5387 -6923
8735 7591
7483 -1255
8279 7046
1821 5478
-5396 8163
9025 -3256
3810 6474
-6689 -9968
-8808 3374
-3991 2151
-3727 5123
-4951 -9912
-2598 2256
6470 -2099
-8149 5455
9811 -6355
-8688 5007
9083 -4776
8951 574
6653 -7927
-3904 -8625
-9763 -9115
-526 -289
8447 659
5090 4038
-7728 -4249
5902 -7298
6951 8665
-3133 2651
-1768 8009
-5763 5801
-9294 5563
4093 1431
4061 1120
-2666 8617
614 9599
946 5967
-2142 3961
-4279 -4813
821 5060
3083 -6582
-2395 8560
-6229 909
8435 -4600
-8603 -5652
3756 9491
-2111 -8536
4572 808
-3784 -5889
1105 -1796
-9607 9919
-8612 -9151
-7862 -2898
-4413 5433
-2157 -6231
4973 5507
-4628 8077
-4077 5308
-4220 -4964
2399 1213
5199 1378
7526 5939
-6759 -6652
-7300 2423
9115 -8924
-189 4515
-2750 2888
6073 4721
-4365 -4783
-5809 -6588
5787 2178
1875 1471
507 -1782
-7476 -7430
-8584 -8546
-2141 3141
-8002 1876
5275 -4463
9285 -4568
-9059 -3753
-5432 2789
-6465 -2089
5376 2123
-5942 3979
-8290 1025
3240 -8664
998 4328
3931 -345
1368 3660
1 9928
1770 7511
3060 -297
1261 4247
-4769 2848
6448 -2773
-9082 -967
-4820 3378
-2494 -2933
1953 -7877
8044 9070
-6057 8590
5853 4441
-9866 6978
-1512 6684
5408 700
7529 -1899
-935 -5681
-8911 882
6797 -1981
-8117 -5449
7106 2907
8043 -6661
9556 9891
3984 9903
-8523 6635
-9532 8744
2066 6697
-3012 -8605
4989 1396
8746 4701
578 -1391
2603 -9818
2755 5617
-4551 -8989
4313 2729
-6521 -7662
2938 9264
509 -3539
-633 6756
-1899 3806
6401 -7972
-1609 2351
9861 4746
9335 7329
-7941 3140
8648 759
-4081 -6045
-3518 -6291
8410 -3242
6692 -2459
4532 -9815
-2152 -6588
5738 -2450
-5093 -7869
1466 -6300
-5867 -5739
752 -6191
-7309 8921
-2274 -9276
-8145 9956
4660 -9026
2248 -8745
7420 -6129
-9217 -4333
-1829 4518
3314 992
398 3742
2271 4232
2488 7892
4460 -5942
2684 -6482
6419 -765
-6000 -1381
-8796 5619
-9561 -1481
5165 9798
2249 3570
1907 -2775
-902 -6490
5657 5907
-4343 -6904
-8742 -7299
8310 1976
-6298 -7130
-2421 -7068
8149 -452
5457 3616
-9383 8792
6432 -7364
-212 -1693
-4227 8995
8440 -73
-2027 9819
-2786 3561
-4547 -6404
8284 5373
5232 538
-1406 -2817
-4342 7428
4502 4712
6297 6929
-37 900
3372 -9879
899 -6124
-8784 -8369
-4490 -7133
-839 -2136
8858 138
-6376 -1963
-948 -7480
-7256 -6811
2771 1774
3623 -6325
3047 -6758
8325 7369
-1309 -3587
-3718 -4768
-5906 3605
2358 -4084
-5909 -9409
6607 2486
6290 8334
5452 3030
7026 8488
-2256 -5830
5392 396
-7229 -1176
-56 4873
2143 4017
-3725 -5721
1413 3176
-8765 -9206
-113 -7275
5699 70
4239 2823
6325 -2127
1000 4800
-4771 8149
8812 6788
1925 -4916
-751 7908
5017 5067
-2615 9327
-7992 -9506
-1905 -7334
-726 -732
-7880 -310
-7707 4254
7082 -5524
-9502 9971
-154 2459
3073 -4340
311 6162
7240 5049
3575 -183
-549 -1869
2906 65
-565 1652
-876 4548
7804 -1833
9723 7816
-1254 5229
-5643 -9813
2710 7420
-8219 -473
-8827 7583
-4350 5737
-1006 -7244
5525 -6698
8748 3469
-3173 -3628
-3502 1009
5132 4523
7017 -9941
-8825 -5950
7251 -1857
-7879 879
-4541 8322
176 -3877
-3347 7590
-6398 6095
-3531 5665
-9579 -6845
789 -6979
5265 5216
-3359 -2942
-2781 8159
2775 5040
7794 -1414
6119 -3810
-6710 4351
-2949 3671
-4442 2003
9856 1725
7915 -194
6273 -7232
2366 -7330
-3365 3408
-3372 6183
-3067 -8686
-5624 -1668
5608 -1355
3109 9503
-3806 8600
-8160 -9405
7911 -8731
-2118 2037
9575 -2220
787 -7365
3822 1048
5227 -5408
7552 -5168
-389 -5710
-9179 -9028
3622 -4589
-3207 3576
5100 -2969
-2050 -5190
-1948 2855
-6485 -8563
1528 4799
-3935 -3874
-9826 3674
4795 -9763
7014 -1537
-6971 2526
7016 -6814
9646 4109
-4947 3972
484 6985
6613 -1110
5859 98
5913 7306
-5413 -8076
-116 -5176
-9098 -3892
-7437 2916
6919 -8924
-7981 410
-4455 5514
8842 6600
-6246 -805
-6175 4573
7445 8159
3776 -1394
2008 -9665
3689 3617
8588 -6650
-4715 8260
-1675 -8333
-5777 9601
5234 2089
-1074 7514
-5782 1697
-8029 2959
2915 7568
-4367 8398
2471 8933
9355 -9947
-646 3094
-75 8105
-1267 828
3412 -7711
9476 9441
281 7466
-2121 7187
7117 4697
5821 1825
9837 1958
-9032 120
2540 7740
8402 4280
-5522 -3681
-8169 1926
-9711 -4427
-3094 7245
5890 4545
5598 -1704
3583 4125
7552 5504
8367 8380
6365 486
5589 2384
-7653 -5291
-5515 -6101
1374 -8973
-1693 -2515
6397 -4449
9357 328
-4924 5411
4949 6460
-3557 -7235
-9076 -9586
-9331 5604
-5429 580
9591 9945
4673 7518
-1078 -9631
-2294 -8206
4986 -9501
5090 919
4552 2039
-5261 5020
-6785 159
-6617 -1999
8944 9749
5027 4875
8267 7026
1177 -451
4653 -4925
4031 1001
-4876 -8533
-6687 -7238
1924 -2380
-7566 -9944
9381 -4511
369 -4716
-7053 5952
4123 5223
-6780 4730
-6 -3215
7523 -1109
6460 -4491
-7585 2652
-5114 -7515
2917 -1581
7788 23
5640 -5854
-9786 3605
-6803 -1496
6981 5101
-5229 -8617
8559 9666
9305 -1459
3656 -8774
769 2881
5133 -687
-4770 5731
-1711 3882
7591 7271
-6847 611
916 1408
3572 -6747
6809 -4751
-9663 3523
3629 -7045
9727 4676
7058 7125
-4525 9458
143 -5341
5949 -5865
7123 -2072
-9969 -9381
-4256 -6783
-2249 -8639
9183 7222
-6113 -4645
-7105 -3361
-4289 -3227
9630 -3453
-7666 -1171
4951 -2047
8893 3884
-3754 -9536
2452 -3560
-3311 6336
8802 -8478
-4569 -5887
8986 9420
-6747 5444
-3705 -8535
-7240 4459
6370 2150
6217 8278
5670 721
266 -9752
-5450 -1768
-6386 3353
8021 7837
2301 -6226
606 8656
6723 6408
-3771 1528
1341 3027
-6766 -9496
-561 7935
-3471 2438
-4336 -1220
-25 1305
-5951 -4524
3622 9904
-8920 7057
-8037 -7249
-3997 -5997
5275 6972
4308 -2920
9099 -3225
-5503 -1003
-877 193
-309 -3205
3150 2323
2970 7465
9927 -2142
4948 4900
-7582 -136
-9730 7354
-6488 9521
-7652 -7656
487 -6422
1297 738
-3067 -4118
6384 -7883
1477 7912
5540 7028
-6463 -7527
3807 -2150
-5122 -2128
5742 9360
7786 2279
6779 -3659
8773 9657
258 -2498
-423 4121
9327 -6200
318 8455
-5789 -5572
9972 4947
7635 7090
306 -2119
-4465 810
6304 2657
2061 -8139
395 -2379
-8665 7163
2868 2385
2087 -2194
6364 -2558
-7606 9464
9734 1059
-8021 134
-6354 2937
-725 846
-3287 2550
4523 -4020
2474 -8788
2106 -707
-7908 8900
2955 -5420
-942 3160
-2005 9269
6458 -8140
7117 -9113
6585 -6945
-5062 3829
829 3397
-1166 -6289
-4833 -4064
9152 -7006
3660 1508
-6538 -1471
-6035 -5968
-990 -8335
-8616 1640
6279 -9546
2724 -224
7259 1502
6087 -7786
-7646 9041
5564 -7770
9372 -8902
7996 9544
-5690 -6741
-9457 -9545
-5158 -6020
4082 8800
-1096 -9868
3250 -5939
-697 -134
2034 -9349
-210 -9559
-4149 6668
9406 -9881
3158 -7572
-2650 9615
6497 -2734
-6254 8810
509 -5602
-6973 1680
-8866 208
1599 -5913
-5979 6254
1161 1165
-9843 -3802
-5406 5706
1361 8361
-3370 702
-2875 -725
-8341 -2889
8139 4701
-6825 5624
7182 -6181
-7093 -3158
-6135 6908
3899 1976
-7248 -8259
-4594 366
-9055 -2618
-1345 -6192
3762 -8676
8907 -4342
-165 -4999
-3970 1839
-9407 -335
9187 -952
6418 4407
852 -4276
-9041 -4449
-8802 -1654
-965 -2804
-265 9244
6968 10000
-6070 4671
-3492 -3433
859 -5712
-6002 5874
8984 4483
3385 -4655
1056 -5623
-1609 -3850
777 6426
-1892 -9326
-8546 -4749
-2060 316
-2506 -4190
-224 3142
1161 4283
-7547 -9581
-8268 4507
5048 -3007
9050 4423
-319 -5252
6980 -8829
1044 3370
-6056 -7930
-196 -1101
401 4168
-1075 -5214
4099 -8680
-7266 3035
5814 -9348
-1356 -1046
-314 -43
2215 8637
2069 6773
9083 9699
6241 1062
-6101 3775
-8250 -2733
9954 -4745
-5099 -8887
-6539 1177
8441 -6747
-5102 9078
5320 9347
4122 5078
-5898 6411
-4075 -3900
4019 5682
6816 5131
1923 -9430
5532 670
-6982 8517
-9074 -3819
-5273 302
3222 -4153
-4173 42
-4960 6632
8310 6017
-6301 -9419
-6214 -550
-2498 -662
6980 -2574
-9450 983
-2943 -1992
-723 -8523
3335 -9867
961 -9642
1518 -8676
9788 312
8007 -9637
-2671 -1142
8180 2835
-9482 -2569
5555 -1505
-8648 1612
7137 3355
-6654 3676
-8958 -2169
-9088 -6811
3395 -7378
1108 -978
8644 -7505
7018 781
8180 -9856
-4415 -5118
-2890 7157
-1220 1469
8617 -3016
-9962 -1366
3206 1077
6512 4180
-511 -3740
1298 826
3829 -5742
-2689 8717
-2997 -1494
-1301 -282
-1184 -109
1109 1819
-649 3078
-3124 2303
8278 -4698
-7024 -3731
-7508 -3301
-274 6584
5412 7721
-2677 4057
90 7243
6796 3988
-1716 -8011
1379 5218
2474 -3005
1298 -8192
2401 -3891
3577 9995
2004 6710
6051 4230
-5339 9902
-9937 -9406
1818 -1157
-6670 8701
-2970 -9485
3221 740
-4281 -2535
-236 7073
8563 9053
8597 -3072
-9832 5639
-6984 2391
-7807 -6168
8787 266
-9146 6550
2053 8325
6767 777
-3908 -266
137 1504
9249 -9786
-4011 -7364
490 -7031
904 203
-2283 6459
-1341 6001
1926 1035
-8881 9338
9423 9222
-1084 3459
1911 5032
9025 -9723
-844 4545
2056 -6427
6562 2834
-787 -3893
-2696 1075
9369 -7875
9240 7799
-8084 -6497
5624 -4683
-3855 7806
-2392 -2713
7165 -9598
8482 -2431
317 -6196
-5272 -9589
7932 -3414
-1635 -5400
-4249 5666
-3314 -8387
-8070 982
8905 -7339
-6190 5362
-9659 -467
-9580 -3107
1314 7536
9560 -8323
3871 9069
-5786 4321
802 7138
4892 -2178
129 8613
-8011 7187
8419 6545
-185 -1404
4109 2477
732 5363
5313 -8487
2322 7384
6312 8210
-5146 2989
-1973 -4593
1986 -2392
-466 8586
-7559 1484
7187 7297
-862 -2032
-5595 -521
3181 -2655
8938 3567
-1216 -5528
-1058 -5764
-6248 5755
1640 3607
5140 -8472
-9741 -5227
-525 -776
-5939 8987
4824 7235
4639 -4327
2288 -6000
-3360 -211
-7769 -9835
-8501 -1765
4604 -4897
3988 5842
1290 -8089
498 1835
3486 -778
-1622 5013
8 3685
-7450 -4206
-1646 6431
-9414 -3282
-6460 -9228
-6206 1248
-1244 3
9275 367
3945 -5259
-2160 -5633
-4734 2503
-7025 -4338
-9648 43
6147 -152
-3791 5917
9811 -5466
1989 -996
-1042 -3315
-4359 3728
9209 -7090
-1726 -2776
9945 7056
3916 3671
-2811 -5371
5197 -39
-3447 3490
1157 -8705
2179 9506
5204 9360
-4958 9578
6093 6562
1867 2889
-952 2231
4261 5048
7969 8312
-6731 -5001
-7648 8578
-4520 -2627
7604 -5181
7951 -5063
7083 -7826
-4789 2495
2259 6441
-1290 6246
-9007 -8760
-2826 -583
8486 309
-6506 -338
-9737 -3977
-8230 5501
-3009 -8132
7184 2046
3076 6483
4695 6936
-8352 -9057
6331 -197
4618 1714
9222 8959
1347 6485
6516 9325
-9629 -7902
-6980 8041
-1141 8357
7936 -1517
9422 4200
8157 3019
-6848 9960
9647 -2829
831 5186
4268 -9475
-8712 6887
-4495 2432
3516 -3470
2202 1509
1645 3418
8654 -3994
2568 1814
9755 4310
-7400 6829
-3419 -9593
2254 659
1558 -1285
-1687 -1715
-6665 3774
9301 -8328
-7008 6147
8346 -4954
2649 -6135
8462 7759
6560 -3747
-5255 -1426
2606 -9353
4104 6928
-9021 8393
8178 8716
-5660 -1480
-7529 3368
7018 -7462
8011 -7860
-7081 3817
7996 6820
-4801 5260
1690 -2743
-5710 8535
-7039 6067
4075 1315
6298 -7941
5409 4240
2097 -3518
7335 -4799
-1809 7718
-6112 -853
-1107 -2451
3327 5880
9212 -2427
3619 7158
7660 -1734
7297 -4382
8192 -1039
9253 -3833
-9751 -4312
4104 2611
-2608 -5582
-9973 -990
-7070 -1674
3169 -657
6350 192
-6048 -1507
7490 -5907
8879 6664
7890 3600
2246 7967
2197 -9160
9875 4260
-2599 3690
8698 1568
6319 424
-8387 6251
9715 -7246
8373 -2145
2546 9973
9248 806
-6514 5777
7646 5860
-223 -6771
-9162 5800
-3539 556
661 -9344
-996 -1293
3120 -2534
6170 2170
9923 6731
7661 7462
-5481 -2299
-9267 5148
-4616 -1972
2659 6762
-4280 2942
3628 1164
3933 -2551
2179 7729
3341 1028
540 36
4260 -3895
1772 1402
-481 -1487
-4976 -6712
9747 1888
-6986 -7336
-6626 -4141
-5351 -7109
-1206 -7283
389 2345
2257 -7556
4534 6605
-7768 -4517
1843 2207
7879 883
5003 -5828
-8578 -5799
8613 -5289
3481 1078
-8536 -9493
8549 5931
-1558 -1448
985 4291
592 5557
-6001 8929
1259 6209
-3043 2687
1600 4000
-7336 -5873
5548 3964
2689 3790
4073 -2102
9303 3556
-1012 3945
3208 -1995
-2769 -8724
9717 6347
-4913 -4498
268 -8285
2343 -5534
7846 4253
-5314 1369
4931 -8616
951 -8514
-9006 6478
-5988 -282
7277 -7734
587 3395
2629 2092
-2037 3292
-7130 7338
-6854 -4102
-6629 8189
2363 -7601
878 -5211
-4859 -7596
-7831 -150
-9955 -5376
-9181 -443
3973 2796
-3484 9897
2399 -6116
581 8968
6468 1957
1028 2494
4261 727
3084 -7069
-7984 7948
-8283 -3178
5025 -5501
1281 -9029
1215 9757
-8600 -6602
-842 8975
-7201 6469
2356 8914
-9516 5528
-2806 -9610
-9819 -4441
351 8354
3171 6006
-2860 6619
-8571 7434
4093 -8903
-9347 -9925
5920 2663
6021 8633
-6003 9422
-1565 3393
-4553 -2592
-932 -1360
6713 1124
-7309 -6918
1491 807
8062 -7237
-6408 -5183
-1059 7988
7903 7758
8307 -823
-2347 4561
9763 -8736
-7350 -6029
8721 -879
9149 9208
-5148 -9169
7782 9690
7368 388
554 4441
-3102 -9119
9011 -2944
8519 -2397
-6646 -6820
-2496 -4848
-1394 -9142
-2977 93
-3441 8268
8348 -3616
4402 -7651
895 -6232
-7354 7984
5538 4621
9428 4030
3852 9341
7991 -8133
6038 -6768
9713 -8841
686 5192
-215 -618
-7857 -1852
-2684 -4957
1942 -5753
-6461 -6546
-5605 -7563
9733 2909
2182 -5786
5905 7784
3467 -6276
9140 -6511
-9905 -6464
-9646 1655
7748 6802
-4874 -1899
-1076 3095
-70 -8022
-7347 -689
-7303 -6763
-928 1996
6024 3809
-9844 -5569
1290 4679
5102 -2130
-7442 1298
4621 -5786
8414 -3821
6278 -3617
3275 -8790
5057 628
6420 2507
1848 -3003
9158 5690
-5604 -9434
1440 3946
143 -1330
3865 -8951
9952 -7192
8362 454
5491 3079
9835 -6616
9269 4657
-1217 460
3595 466
-6814 2240
1352 6962
-7669 -239
5658 -4160
9797 -8634
-4127 -1815
7696 -554
746 4524
-5900 3953
-7392 -2216
-8203 2476
-9172 2135
-5254 3484
2255 8922
7304 4628
-631 4322
-2023 -4493
-6144 4768
-4766 -3865
7656 3208
5588 -2615
-8989 1702
-207 2833
-9482 5179
-3004 -3638
3175 -4185
3879 -2075
-7889 7531
-1622 3097
-626 747
-3385 272
-3938 4607
-7520 5337
1927 -1856
-3740 7780
8390 4756
703 -7678
1022 -7346
-2091 1376
304 -6257
-8622 7949
-4085 -7942
3338 -1194
-2469 -8335
-7813 2367
-7575 5026
-1096 6966
3596 3867
-7197 2682
-374 -5479
-9007 7452
-7911 545
-3696 1752
293 -7886
-2799 -1870
8801 -2405
-9446 -3012
-6365 -8005
-3865 3355
