2000
-6070 -8692
-6137 689
-9679 8905
-7337 -7312
-7164 -3206
4299 -5750
6907 7427
317 -2561
1539 8422
4415 -388
-3455 -731
-7141 -5763
2407 -6777
6219 -3979
7982 3934
-2575 -7171
-6100 -7627
-8651 2518
-5148 -4821
-3598 6464
-7067 3543
-2133 -9189
-430 5298
-1490 1353
-5730 377
-3765 -3510
-4584 173
7137 -4241
8696 8440
-9901 7475
-8499 -151
-4805 9671
2067 -8335
-9497 2825
7206 4362
-7158 3013
5928 3679
-1595 -107
2846 5232
-5322 -1929
6991 4319
9638 3304
-8494 -715
-3577 74
7603 -6725
8935 -4648
-6672 -6646
-2434 8815
2216 9948
5189 4135
8045 -4046
-3889 -6251
-4092 -8513
-1207 -6870
-5898 -4865
-5697 5174
167 9424
3765 -6116
-6517 534
-9912 -5101
-1555 -652
-7748 -7888
-9846 1984
8079 1241
-614 -2119
7125 -3262
-2952 7114
5903 -4771
9162 6422
-483 -8730
-8401 5975
-2899 7589
-3968 -7828
-7476 7406
3054 -7977
78 -655
-9978 -6486
9687 -8164
-3868 5671
-5857 2865
-1506 -1009
-2545 -982
-4896 -854
-1692 4646
4464 -2985
-5449 -5012
9911 9538
6232 6387
8662 6862
-2090 316
1718 -9318
-8377 6644
-1398 583
4870 -6108
-884 -6079
2384 -8179
-1643 -9795
-5674 3491
8150 2819
8917 -7720
-8739 4887
5757 3911
9482 -2481
2279 7038
-5562 -1323
4339 8978
4183 -9251
-8770 8823
-1203 -8904
2837 -182
-3966 -683
3749 -9813
-8894 9979
6486 -1457
2643 -7488
-1819 910
5747 -1181
-4208 -6155
-9673 -8064
-8009 -2884
-7089 9359
4010 -6998
8410 6083
1923 -6661
-2667 4206
949 -6608
-2581 7344
-1615 166
-3009 3991
2894 -4129
2685 -809
9043 2162
-5186 8910
9547 2212
-124 -3123
1796 3458
8045 5439
3271 9304
-7706 -3702
-4244 1665
-289 -4390
-6675 -6075
-8944 -7452
-9718 4723
4569 -1579
8352 -6369
-1227 -7794
6832 -172
-2078 -9192
-5923 -8329
4945 1564
6067 -1227
-144 -946
6 6836
7007 6736
-6406 -178
-252 583
-1202 -7265
-5205 -8974
1681 2675
6291 -9193
-4855 5283
-1797 -70
-8571 -9871
-3171 -9971
7079 1968
-2136 4763
168 7714
-3557 -8657
2037 -7955
-3053 -7748
2158 -9126
2024 2071
2384 2842
8483 -762
-2761 8229
-522 8477
704 4143
7108 -794
-8312 8930
3236 -3658
3851 -37
6740 -9496
8261 2387
-3592 8419
-3460 -4973
-3633 -5152
-1673 -625
7210 -6127
258 -8143
-4951 9144
7981 4981
2686 4556
1279 -6360
-5865 3645
-7867 -4092
-5693 -1763
-7208 -2116
-147 5144
-4128 -2670
-8333 -85
478 6377
-7388 5116
-9275 -2243
-9714 8903
-1735 8077
733 9682
4991 4360
-2542 1565
-8373 -6727
5770 734
1913 5688
6088 7473
9412 9765
-5795 5744
-2766 -6066
650 -9880
2050 -5247
6015 -2483
8554 4689
1658 2516
-6077 9781
4441 4562
-7109 -1469
5477 -7420
723 -9732
3295 7781
-3975 -4099
-5190 3702
-1157 -3901
-1797 9789
7385 4321
1892 -8319
3156 -4862
-3574 9492
7699 5375
1153 932
-8037 7731
6251 -3605
-6927 -2251
-8904 9984
-6522 6947
-8608 -3314
-1191 2231
-3909 9177
-3111 6690
-1521 -3777
9037 4675
-1982 -8113
-7128 -2199
6390 -5606
4109 3813
-5081 4721
3368 -9122
5062 7148
6700 2167
-726 -8217
8481 -6210
8386 -2458
-302 -9611
-7979 3522
-427 -8295
861 7821
4215 8025
116 1536
1952 7972
-9052 -1744
4426 -2995
5203 -2626
-2062 5269
-4627 4921
7472 -1906
-1112 -4483
1743 -1789
8123 -8942
-8761 -4949
-3857 8601
-8789 -9063
-4528 4884
647 6482
2500 -3629
8333 6208
4105 -9626
3893 1119
3026 8955
366 -3850
-6784 7065
-5841 8711
1444 9735
6478 -974
3501 -178
-617 -4254
6318 -6550
992 -8736
-4015 267
2941 -7070
-2138 1103
3664 -528
-8090 -2264
1522 -398
-6250 4820
-168 3288
1216 9619
-7096 9235
5179 -6949
-1124 -3368
1628 8374
-3971 -296
-4511 9296
-1918 2313
2999 5727
-1496 -7828
2822 6008
-9152 -7090
2201 -6739
2529 3253
5533 9430
3112 -516
2800 -6926
-724 -3460
-5454 -9211
-87 8887
631 2127
3852 1643
-9668 4644
-4760 330
1575 -391
8247 -8482
3861 6100
2604 -7671
973 7884
-1968 -7757
-9331 -4775
1201 2289
-4453 -5524
-9893 3235
5102 -811
3156 2688
-1901 -4897
3378 -9477
7793 -9544
-9050 -9752
2902 5855
-7959 843
-6356 -7115
-8973 7388
5398 -3552
-7978 -9907
9834 6594
-549 8933
-6325 -4160
-4911 6179
3775 7201
-1398 -8735
1168 -3499
-7664 -6750
-478 5396
69 -4034
102 -5664
-1047 -7916
7746 8699
-1804 5474
3478 7452
5591 -401
9204 8901
1231 4443
9672 -1094
-1875 -531
-5475 5859
2525 7165
8251 6095
7272 5325
-5804 -8843
2985 8821
8186 -7472
-7772 8199
-8252 -6395
-2239 6306
-9654 6593
8426 -9289
477 -7386
-4907 -7021
5058 -3778
-1536 1871
-597 -4772
3331 939
-7597 8454
-2571 -1546
7734 7874
3307 4268
-1864 -1506
-943 -8426
8747 -5107
-2425 7218
-8797 4171
7580 -9623
-6216 2497
-4537 2363
306 8546
1587 8702
4987 -1066
-6557 -4453
-3668 -4001
892 -4888
-8607 -405
4046 -3229
-4857 5215
-4903 1887
-2769 9143
-6675 9162
891 -3707
3493 4322
-6518 1875
6841 -8191
-6114 -1415
9870 -1832
4222 -3740
-2806 6453
9041 -9118
-7000 55
7773 -140
-7663 2880
-9025 6234
-6236 -6581
9375 6861
3183 -6597
-9883 9925
3291 792
6849 1995
1516 -7128
459 -8942
3000 2165
3641 1841
4734 -2579
-5877 -4305
-2976 -1215
4691 7325
2657 2527
488 -7361
-9715 1828
-304 9714
-6525 -1071
8314 1761
1343 6248
-4343 6452
809 -6422
-1793 9093
-1830 -8490
5983 2916
1954 2026
-309 3003
7107 -7022
-3035 1490
8570 8516
-7723 -8633
-9476 -9636
-5878 -9679
5365 -9453
-6867 926
-2914 3012
654 695
9810 -4224
-4691 -3064
29 5650
-1803 4174
6430 859
-55 -6285
-6528 2849
6077 8495
-7020 -5781
3476 -5164
-5435 5549
9442 4638
-7452 7703
-3407 5503
119 -1131
8914 -3387
-4350 -4318
5553 -987
-9597 -3194
-5161 -9832
-622 4437
-1616 -5727
-101 6483
7729 6990
6911 9478
8683 -8087
5068 -7702
-6855 6908
-29 3984
-2142 2890
-7444 -1380
-5905 2202
-717 -2370
3088 5297
7784 -1419
6861 -4689
3624 -8181
2661 2673
3462 6116
-2711 4092
6786 -5299
-6960 -9801
-9617 -1489
-6342 -2799
-6444 7341
-7342 3989
-1350 7588
-418 6301
-9224 -8975
6321 -6983
6573 9017
5786 -8548
-2408 -5077
1068 -6685
6534 -8635
3136 -8587
238 3176
-551 -347
-7561 -907
-9037 -8476
-9049 -8994
9355 1215
-8319 -2926
-5480 8417
951 -5310
6105 -1898
-6721 3025
-4688 -1458
-9322 -9316
-8942 9419
-2123 -8826
-9574 1571
-80 7533
9392 9451
-2385 4517
3286 5113
1641 337
8110 1778
-7267 3621
-420 -707
-7853 2480
-573 9738
6104 -221
2430 6073
7113 1850
5085 -7832
-2520 2384
8874 -1349
1077 -5324
3036 -1571
144 -5288
-2048 -980
7889 -3848
-1007 -843
4548 -7476
9490 -4234
-4136 -1108
-8153 8155
6476 -2908
-1753 939
5957 -2200
-8429 -9689
-1727 -2889
6812 -7812
-6213 3100
988 -9298
-9148 2392
-7606 4342
7131 1980
8674 749
-8511 6332
7658 3219
-704 3782
-751 -1220
7799 -6150
-6228 -6278
5817 -6390
9452 4387
1847 -3173
-4945 4087
-3058 4934
3635 8628
-2 -9991
8918 8678
1686 2988
-9271 5442
-6117 -3023
2222 2834
479 7711
-3832 -6436
5799 -2083
-4219 4994
3010 -2574
-3033 2782
-2148 -1177
2377 -6304
5376 2678
5845 3536
-1627 -4809
510 -9952
-3573 3348
-8814 4699
1341 2332
-3965 9854
-2972 1609
3639 -9247
5043 9171
6904 -6152
7909 -1719
7269 -3324
-5326 2715
2410 -662
-8080 -9210
3440 6489
270 6321
-2316 2030
4686 -2786
9003 9740
-3865 -3508
6581 -7043
-5987 -7215
-9144 -9868
-8284 2149
-7091 2750
6278 1955
8009 7017
-942 -1963
-6390 8606
-5552 8486
-3162 -9303
6328 -402
-9202 -6462
3815 -9331
-532 -4851
9387 -3163
985 -2747
-7699 -3354
-3382 -5840
-1143 4463
2054 -9587
2819 -1941
-2677 5800
427 -6556
-7982 -5427
5107 117
9832 5274
6579 -4333
-705 4706
952 -2436
-9369 6031
-5038 -2016
8128 -1613
-4623 -6344
-3537 1225
9152 -6291
-7714 -1830
1013 -6199
212 -4575
-8736 1977
-2263 -8165
-9365 684
-4251 -26
2708 -1657
728 8999
3713 -6491
9052 -5572
9257 3667
-8433 1913
6826 -9590
-6644 -8731
-242 -7492
-3646 3357
4941 -9871
-5360 1357
-6074 7151
9003 -4877
781 6757
-9634 3585
-5981 -1135
4140 -3103
2910 9588
9235 -6208
7619 4128
-2193 -2781
9645 -862
-7423 5139
-5672 230
-2658 -4283
5569 9845
-921 -4952
7850 -7879
123 -9806
3649 2232
-3229 268
6174 -8804
-6321 -8175
-1409 -8582
-7713 7967
-2687 -5002
-4522 541
-9420 3092
9178 5752
4857 8182
-59 4267
529 -9084
-2459 428
-9973 7345
-6862 -4379
-4931 426
7107 -3271
6824 -9040
9558 -9909
8161 -801
3386 -9260
-2763 -8782
-9181 4737
9248 -9108
5482 -4087
2844 -3515
-7363 6867
440 -6616
-913 -5064
24 4384
4048 7343
-693 -5308
-4999 -6365
1822 9298
3819 -1057
6221 -537
-6562 6757
3278 7425
2982 6661
5545 3477
-2523 9680
-948 -2393
9501 3835
8513 4008
-4823 4992
-7734 6758
1411 -4271
-7665 9782
-772 -1661
1677 -5027
8087 433
4793 -4114
-4598 -5922
686 -2643
-4166 5920
6548 -3805
6687 8004
6134 -2951
-6380 -8383
-5598 -1324
8641 -8232
-2564 -2869
-2500 -6955
7913 7448
-6663 -8373
7339 7841
-1798 -1138
9030 -513
-5792 2723
4410 9918
5304 1099
-121 -6358
-7846 9392
4385 -5073
-6410 -8606
7302 4896
4498 1825
2538 -950
-7570 8733
-5552 -2183
-7349 9892
-7486 -1895
-2638 -2506
-498 -308
-8168 -3927
8380 -1559
4637 8526
9522 6054
6704 1179
-3869 901
-5967 -9482
-6579 9146
-9464 -1137
8503 -6861
-6940 -5852
2269 3326
-7725 7994
2623 -585
6526 7214
-2628 -9513
-4140 -4513
3934 6315
9440 -4523
7030 3291
9198 -3504
1752 7933
-1622 906
1360 4318
6389 3691
1937 -5375
-3343 6752
-8726 5240
6125 -7153
386 5783
-7922 -2856
2458 1642
1591 -1894
-2615 -1087
-7531 -2149
2830 6952
7339 -5133
-6080 4375
5363 7231
-8862 -7616
-8996 2190
9330 3754
8980 2753
-3036 -2307
8066 2333
771 -2782
-5813 5017
-2359 -2124
-3272 -8136
-1800 -7715
4699 -3281
9424 1005
-5992 7843
9137 -5058
-3528 -3776
-566 2659
-4540 8154
9221 -4794
8954 -5338
7471 7077
-3666 -124
5067 -233
-2514 5651
7154 -7271
2172 2662
9745 -1945
-1158 -9464
-6736 8075
-8431 -1173
-3880 -1565
815 -18
4472 6555
-357 -6381
2303 2540
9798 3312
-3132 -9361
-682 9676
7 -2809
-2298 -3475
-7 1472
-7714 3936
-166 8225
-2526 -6774
8158 6890
-613 2620
6642 3125
-4050 643
-6409 2966
-8811 -1000
-855 3864
-4276 -1648
-1304 -7045
9839 2634
-7937 -6230
-8618 4617
-8742 -6548
-6644 7846
-1683 -9311
2396 -4694
9930 -2478
2433 8077
-971 -4817
-5258 9166
7044 6140
3038 1847
9949 5141
1352 -6254
-1179 -9401
-7155 1478
-4825 -6729
-6668 -3232
-41 656
-1568 -1071
-2337 8159
7989 4772
3644 -3191
-2828 1399
4413 3578
-51 -1336
1052 -5267
-1899 -6982
640 7685
-7325 7211
-8594 -962
3971 -2573
9997 1670
9726 9111
9654 -5308
-8968 721
-2600 8255
2944 -6163
-4714 -2655
4098 1480
-1972 -4544
6344 -7284
8866 8073
1896 -635
3025 -1734
8697 -9205
9260 -8613
-1978 8531
2960 9984
-6795 4887
-5363 10000
7710 390
2659 6016
719 -9678
-8462 -2248
-53 -3683
5136 4268
-2302 -1762
741 9577
6288 -2930
4925 -9627
-1093 5835
6421 5614
2277 -2170
6589 5350
8548 -8629
-6146 5064
534 -7684
-9213 9466
-9885 -7722
8947 -5368
2378 6881
1272 -7193
4522 7464
-9477 3956
9615 7345
7164 -8610
978 -6514
-4767 -5226
-2863 2806
312 7395
3203 3483
1818 615
9102 -7339
1047 -2576
4710 7641
6643 -563
6699 5796
7301 3643
-8762 -5544
5607 2914
3920 4158
-8131 -760
5844 3170
-1146 2963
-777 6904
-9519 1864
2725 -534
-5750 8621
5631 -4197
9383 -3493
-447 -1074
3114 -5483
-456 7812
-4680 2782
-5115 5699
-2528 5992
9439 6499
-6945 597
7205 7445
-8076 5249
9617 -9571
5997 -7020
-4845 -8112
5181 -1993
-8695 3695
-5970 -4921
-5220 5141
6440 -9279
-6344 1408
9323 -5619
-1155 -2535
1 -5275
-9420 -8675
5633 8726
7829 -4451
5847 1649
-404 -4059
1493 8753
-5709 3184
8513 -5352
-6542 1711
5406 -1622
-125 -7814
3510 -4126
7927 -9211
-4925 -1465
-8605 9327
-1943 -423
1056 -9274
-4914 -9159
-6359 2351
4529 6992
2185 315
-4087 -8612
5352 9064
-7791 3705
-377 8626
1559 2452
5686 7841
7502 5157
7355 3613
2742 9199
8266 4132
-4146 -146
-6827 -5870
-7111 1687
8447 -2148
-3372 1077
9627 1604
-342 -1135
2400 2117
4624 -4290
-4375 6776
8374 1914
-5970 -2728
-4322 -3377
5545 7451
3213 7275
9943 9717
3056 2914
6388 -8875
-4222 -900
-3296 1465
-8233 7072
-3318 642
-7310 5874
-8248 -6600
6466 8405
6941 -4165
-6062 6594
-436 2901
5254 -1907
864 9670
-8087 8189
8084 -5221
-3495 -7257
8886 3440
-2546 7733
6903 3412
8714 -9413
-8783 2376
-6356 519
-1679 3510
4428 7264
6281 339
-9253 -1754
5167 7126
-1509 -3422
-7817 292
6364 277
-1936 -4242
-6126 5827
3744 -4609
392 -5805
7362 -5638
6652 -1697
8177 1414
-6594 7600
-6466 -8601
-2089 3971
6450 -4213
5019 354
-8202 -3874
-6670 -4032
-2376 -8604
-584 -9432
-2291 4595
-8885 7198
-8043 -7579
-7627 6223
-1480 -8193
-3840 9171
-9476 -4128
-7569 2490
8530 5382
4261 -1945
-1182 -5198
-9191 -6679
-8588 -3085
2061 -1415
887 -9092
-3481 5812
5812 -707
-4210 6199
-9828 7077
-7810 4626
-2940 9191
526 -3285
-6488 -8967
6567 -6232
6666 2214
-2470 7897
-9243 -2250
6163 -5450
-245 1541
4078 7356
2552 -7316
-8984 -1441
-1614 -5010
7501 4253
3454 -8220
5803 6415
7736 8439
6887 -7302
9269 9110
593 -6671
8431 7587
3263 -5755
-2207 -9252
283 -167
9545 9934
-1636 3287
9610 -6932
9168 7426
-9821 8336
-9198 4348
-3813 1542
9897 -1833
-1523 -1252
-9301 2182
4760 9243
809 -4435
-4492 9261
4312 2466
-9175 2310
-9282 -5461
8902 2346
-6560 -8412
8846 1334
-2145 7634
-7933 -8283
8191 2882
-1475 -4035
4323 -6358
4718 5682
4730 746
-2842 -5486
-3314 -690
-3488 -6148
-8429 9859
1339 -7787
-5738 -7710
3590 -8550
-3127 3496
-54 -2306
2996 -5527
-1141 -8140
6969 2838
-58 -6233
5829 -6319
3619 646
-9355 -4245
9741 757
4050 3508
-3564 -860
3212 -5322
2763 5863
-3773 -37
2661 -4968
3754 4449
62 9735
2536 -5235
5517 7460
2312 -163
9198 -777
-9234 -4158
9203 -5657
-4147 4986
-4280 4093
2134 -6417
-6118 6750
3500 -8849
7491 6853
-907 4299
2224 -3586
-5557 1849
-4424 3449
3345 -8305
4325 -7950
-2879 3859
1127 7238
4144 -8013
7227 -5682
8253 6396
168 -1300
2358 -8926
2968 -5208
20 -6815
-2591 -9043
-6906 -8918
4062 2915
1166 -9754
-1671 2543
-8833 -9645
-4488 15
2736 -9470
-324 7544
-4741 1011
3569 5679
8980 8267
-3260 -5147
-9175 5934
-4547 4862
5926 10000
-2632 8252
3361 3258
1165 4468
-8389 -5235
-1786 6009
-4149 4612
7711 -4158
5917 234
250 519
-6892 8947
-9472 97
-4199 -1566
6512 1441
390 -5378
-4439 2772
5026 -848
4863 3158
500 467
-7991 3170
5934 5135
1176 -5243
-8568 -6065
7048 -2711
9097 2827
127 -9153
-4406 7408
-2591 699
690 -6252
7359 2138
-2428 -5518
18 1779
-7598 -9749
5669 9092
-3604 9519
-727 5453
-3237 8624
-5206 2024
-9637 5776
-7894 2893
1945 -7636
-495 6610
7769 129
-5577 8971
3914 5081
-4749 5662
5843 -7132
5327 4643
1272 -9750
-3029 7380
169 9877
-3147 -6891
-2004 -7954
2460 -9210
-1158 -2916
-1752 -5624
8744 8335
-6380 -6455
-7603 -6105
1135 -6105
-6776 4390
2464 9576
-2594 415
6444 1679
7788 -3949
4425 3237
-6154 6665
6766 -6213
1762 3903
7867 -892
-7009 -7653
4021 -2629
1576 4689
-7353 3991
-6082 -3989
6542 -4756
-1622 -3911
2279 1706
-6818 -7288
-692 3714
1064 -7268
-5693 6017
4082 -7853
9699 129
-3483 1305
4196 9434
4741 -2724
4944 -7921
-7877 450
-5884 4145
6236 -2747
551 -7254
4151 -5540
-5533 7061
4301 -8998
-7150 1228
-3178 -535
-1075 6234
9083 3765
-9208 -5337
5106 5987
6166 -4214
625 1603
-180 714
-4904 -1555
9575 -9264
-9189 7048
-8233 -1681
-6465 -2858
-8884 6712
-5354 -6002
7094 -1624
-8939 -1547
-9512 -2853
5019 3263
2322 -2505
-6159 5994
1791 4763
1912 3041
-8670 1727
-879 -8687
-7736 3243
-3041 -7682
2948 -3449
-5740 9119
8005 9685
-2690 9359
9293 -5559
5900 -936
-9835 -1226
8976 2337
9415 1975
-3804 -6174
-8250 5574
9115 4660
977 -5302
-70 5389
-811 -6371
-892 9887
4876 -870
-8274 6392
5989 4834
-4927 4264
-9916 -3998
-2634 1455
4223 540
1076 654
9516 -1851
-7102 6764
-3763 5448
9475 -8029
8642 -1784
-3939 3177
3841 -1254
6846 3507
-3848 -3042
6370 2610
5838 2637
2987 -9264
4636 -6563
1703 -6020
-9016 -2716
4694 9389
4796 -5898
1804 5009
-1658 8618
-5139 3059
-1228 9510
-4676 6088
5423 -747
7343 3485
-2935 480
2284 6529
110 7950
-2774 -2878
-2728 -2141
-8586 -8386
81 -1837
9664 -6981
-2438 2680
-5680 -7909
7914 -6735
-5440 -120
8172 -8166
-4653 2994
3443 1672
9542 3426
9887 7933
7883 -4338
-4131 7368
-9298 -5385
6328 -8916
-58 2548
1704 -4929
-8491 7006
-3594 9234
5734 1401
-7990 6098
-4781 -3430
-1173 2245
-3771 -841
-6156 -9011
2420 2919
2929 6452
2898 6401
-3473 -5244
-6076 -2525
-1387 -4237
-7122 6852
-7637 2019
1073 2172
8805 -5794
9710 7211
-1342 3389
434 -9161
-3208 9158
-7248 -5973
-6668 4189
7980 4681
7689 4547
-9410 6372
9942 1890
-1032 3116
8442 -1026
8910 -4257
-415 9638
4125 -8257
-6043 -5084
1763 7960
-3031 -200
-9889 304
8324 2134
6632 5673
5788 3699
2877 5237
9539 -9130
-1700 -5262
4651 -8517
-3850 3824
3777 -1374
8905 9610
4167 9870
-9069 -2008
5892 4462
6016 -7587
7643 -5512
-2956 -7489
-8671 -6895
-7422 9038
5104 -171
1160 2461
-2262 7949
-454 -2757
-2151 8394
5135 -9234
-1060 -8367
-3547 4730
1929 -3537
88 -4610
-3318 -6426
3696 3781
-3461 9883
6353 -8188
-3042 6030
2394 -4239
9734 -8985
-5679 4815
791 1228
9525 8911
-5001 870
-3371 -4039
-8832 767
-680 -9723
166 -8859
-3164 9715
1448 -9645
-4961 -1712
-7559 -7836
212 8290
4034 -6942
1730 -3528
7808 -7180
-3144 9642
-9070 8589
8303 2120
-7149 8508
-7717 577
1468 6650
-6758 -6425
-1700 -1986
531 5393
-8120 -9732
3715 -8780
2283 -450
218 6802
9446 -1773
4575 5930
-5796 3960
2396 9376
7704 9661
8438 8544
1202 -4446
-4324 -430
-4703 9148
-5165 -5545
4222 5375
3322 399
5674 9217
8717 536
-7626 98
9023 9482
7197 -3794
-3931 -1698
-9317 -5938
6576 2740
579 -1035
-3905 -3789
9906 9136
-1610 7917
1930 -276
5354 -5318
-2255 5533
-3941 6540
3827 8764
9087 1355
323 -7070
-5429 -2473
1968 4064
-4808 8345
19 3807
-3819 -7899
-377 9142
385 -8401
8290 4322
-95 -8924
-6338 -9848
-1077 2623
1865 -4154
1256 405
281 2299
-5877 4501
-1991 -9545
5098 -84
609 5592
936 -8076
-2376 6832
6254 338
2546 8049
-1246 1303
4896 -1483
6516 -2529
-32 -4836
8903 4205
9680 7554
9722 -9815
5332 -6488
1254 -9090
2355 5447
64 8620
-6836 -785
8559 -9344
-929 3722
6933 8595
-2715 -4394
-8488 471
-7567 9784
6021 239
2392 -6184
6404 1965
-459 2869
-1624 -851
-2438 2409
-8049 3751
-5623 3136
111 -4983
-1313 2541
-5334 -2302
2559 945
-1162 -1902
-725 8274
9624 -3911
-7504 8558
-8079 -7787
7282 3166
-3078 3877
-8144 -123
-538 -976
6342 2947
-9756 -2158
-3484 6112
-7051 -7262
-4099 -2321
5442 -2702
1252 -801
4880 4791
421 9200
2617 -7965
4324 2398
519 4299
-9498 9220
-4154 6166
7529 -5448
-666 -2949
4384 -4557
8945 -1545
-6804 -101
-9811 -6135
-2501 578
-567 -2544
-9082 3628
-2422 -9521
6201 2410
-7337 -3715
-5826 -5513
7542 7982
-6768 -2954
-4031 4166
7644 7497
-8611 5351
7158 -8030
-1277 9634
-345 2179
-7072 -6230
-4252 -9255
8371 -6212
1038 4687
-9368 -3787
4156 -3012
4783 1036
-8405 5874
-9956 5119
2738 1662
-4335 9504
8481 1526
3650 -3925
6520 -5194
4327 3613
-3053 5888
-4418 -4007
8536 469
-2247 -2744
3258 5078
6739 585
-7339 -8069
7706 7627
1986 3114
-7782 7834
-1932 3222
-9499 -3063
-4494 9991
-2517 1635
-2965 -7504
-7856 2097
2155 8643
-7770 2992
646 -7011
-5347 882
1375 -4413
-8299 4860
2737 8092
-3299 -2786
9078 -1336
3974 1155
7105 7864
-5453 -5461
8786 -9524
165 -8479
3226 -1772
1376 -1517
-1485 705
-6160 4970
8032 5805
-736 -566
-4817 1917
-2880 2080
9300 6532
-9069 4475
-1335 -8012
-330 -3096
2414 1410
8985 -1427
803 -8295
-9270 -5077
4203 8633
1235 -2187
-2313 -5575
-8315 -1574
-562 -96
-169 -2667
8096 -961
-3389 -7893
3903 -1277
-543 8789
-49 -5582
-5301 744
-1669 3104
-7044 6406
-1411 -1476
-4371 -2120
6092 5545
8900 -4444
784 6024
9164 -7898
-5897 -993
4972 3258
6631 4511
3676 5797
-8715 -744
-6561 6139
7801 1327
4772 -9781
1755 1114
-9418 -1872
-4889 503
-5169 -9761
995 -992
-9372 -2497
-9039 2482
2421 675
6558 903
-7069 8060
-6681 -68
8993 6919
-4915 -9445
-5289 -7340
10 78
-8801 -9824
-1014 -5317
-5369 -4003
6687 -837
-1186 4869
1954 5764
-9024 3151
1820 567
-1576 -9145
2408 5115
1223 2174
8617 9882
89 1973
-5368 8190
-3761 -3702
1667 2505
-9384 -8400
-6131 5502
3168 -265
9090 8597
-2441 -8950
680 -5985
-4522 -3614
9032 1378
-613 -1535
7685 -5099
-849 4718
5974 -3147
-8799 -4163
-2893 1156
-2000 8483
8381 6037
-522 3548
-1787 -9988
-7350 -5214
-3238 6590
3990 4082
-7493 492
-7261 4360
-2733 -7580
9202 2362
7615 -86
4169 -6697
5334 5919
-873 -7824
5363 -1654
-1671 -1422
-8936 9389
4250 -6857
-2777 9704
8592 -7389
4712 2336
-445 5371
4945 9370
-3372 -6582
3930 4025
2443 -6103
-4190 7833
-447 -7236
4156 -9668
2194 4031
-15 -6073
-469 5301
-8438 -6801
-347 -1241
-348 3300
-8933 6951
9212 817
888 -4974
4776 -9574
2819 1789
-8652 -2820
-8184 -3049
-1183 5788
565 -6781
-1774 -9247
2098 950
9140 3738
-4101 -2517
-5591 3741
6130 252
-8460 -8849
-8794 5349
-2796 5806
6520 4439
-3947 -7870
5691 -8711
-1329 -933
1164 -6595
2068 9814
9470 8559
8902 4541
-5189 -7208
3173 -6753
-2889 6798
684 6936
2363 674
-964 -9231
2924 98
-6699 7088
2627 -8992
6106 -5848
316 1538
-9075 -3181
3074 -1911
-3016 5119
6077 -3964
-7444 3088
-3548 -3866
-2509 8154
-3895 471
4139 4504
3313 4423
-5441 1487
-6144 -2298
-9364 8104
-3993 7435
5071 3201
-8074 3485
429 6325
-200 -6697
-4135 -8468
-1235 -5123
-9870 8536
8748 9557
-2948 -214
1838 -3402
2818 -4399
-771 8670
9431 6947
8170 -7246
-4231 4884
3428 -9995
5825 7318
67 5093
1197 3622
-4122 -5657
-5075 -1176
-9648 1759
-3512 -4320
-8081 9315
-5977 7
7684 -4989
-681 2286
5286 8603
7869 -7888
2658 9804
2182 8573
8791 9117
-6719 1715
6879 -4785
-6765 9175
6892 -9143
-8962 -9249
-9594 9826
1973 -7907
-1551 2397
-5499 -3635
3348 3056
4808 -2885
-3914 7525
-8915 -5585
2188 6389
5309 -1290
-2571 -4862
-3928 -9642
6933 -8144
-943 839
86 -1276
9313 -7574
-8927 -1030
8254 9068
830 2630
3272 3016
-122 -6851
8259 -1743
9132 6667
-985 5160
-2900 -8019
-9374 9646
-9313 9604
-2942 1803
4122 7288
6976 -1966
-450 -8814
6052 -7476
563 -6555
3276 8413
4547 1869
9560 -5071
4821 4739
-1878 -8044
-283 7229
-1346 5049
-6326 4165
-1608 473
-5673 -2929
-317 2644
-4662 3348
2500 398
4788 -5394
-9189 -5542
-8882 -5188
2047 -8657
5458 1641
-5610 4465
9019 1707
-5160 -5427
-2464 8592
6650 -9325
8712 -242
-6924 8391
-8447 -8362
-3367 -4329
-7751 1395
-9536 2319
6456 -4532
3415 -3280
-1313 -9000
-7870 -2455
6460 -9681
-4587 -8981
7790 2361
-2971 9274
-7790 21
-9936 -5388
-6095 -4369
1881 5937
-1942 -6401
-654 9900
-2189 3389
-1103 7981
-8929 -9467
8180 4251
5967 -6722
-4589 113
8576 -5959
533 1087
-6887 2520
3479 5544
-9796 6193
7892 -9292
4530 -5655
-9611 6920
-8709 6372
2681 2910
-8664 -9731
-9746 -4174
-6461 5370
