1000
3861 -7049
8149 -9914
508 -9604
-4558 -23
5974 4319
-5041 -7604
3282 -6486
-2606 -1950
-4296 -1988
5577 -3194
6895 -3095
-5574 -6505
-2440 -2820
-7618 -4971
-3624 5547
-8176 -6137
5511 -8649
6151 8389
6424 -5808
-3454 4556
-9343 -2150
644 2252
-4405 -4290
-8893 4839
-4048 -9667
-3580 8805
8723 -9797
-5267 3506
-333 -6196
-590 -2931
-7825 9637
1028 -4893
9771 121
2957 3268
8622 -2263
-1494 -5275
-153 -1620
8137 -453
-1997 5547
603 6964
-6105 505
-3462 -5488
9677 -697
-4834 3085
-7897 -6057
2097 5189
7023 9209
9915 -797
2636 -9412
-5832 -3276
287 -4838
-1 7940
5462 3887
2678 -6481
-3984 8683
-3461 -3836
3458 -5482
8063 3484
2196 9013
-9104 2233
-6731 -845
3586 5699
-2995 5800
8453 7539
-6148 -3517
-4257 -8982
-3884 -9246
7771 -714
4122 -9989
-382 -4990
-1459 6340
6308 4029
2830 -1829
-9612 3115
-5745 814
2169 -5153
-6455 -1261
9624 -976
-1831 -4152
-7024 -1057
-4458 -3106
-4436 9008
-5483 5448
7464 -3007
7435 -6017
-9705 7293
-6705 -6942
3243 -9212
4544 7576
-6502 -9424
-3875 -2486
5018 1444
-6720 -7557
2455 3383
2763 -2137
1538 6958
-3770 -3183
1016 181
1447 2138
6718 -5121
180 -1390
-3566 5092
-3631 -4212
607 -6428
5940 2235
-7702 -4546
-6217 -8268
-751 -6164
-6330 -1747
8231 -8342
-5388 5930
-991 1572
257 -4727
-7417 2396
5883 -164
534 -8246
-3621 6365
3056 -8187
5922 4301
323 4117
-9977 -9295
-8027 3083
-1043 8206
3687 -8235
-9477 -4740
7922 -8520
-6360 -462
1964 5398
2576 -8992
-6535 9324
-3055 6634
8908 7784
3261 -6462
-89 4974
-9976 2936
6493 5916
6717 -1165
-5638 8598
5816 9928
8688 1490
921 -8394
1763 -1496
-470 -260
-6683 -5688
8952 -4232
5202 -6409
-7349 1513
-3280 7792
3115 -5528
1425 -168
-1359 -6327
-6333 841
4493 -9423
-4664 -8325
4295 -1884
-4084 6316
-7237 7506
-2800 -7105
4524 1634
-3265 -7459
-8456 5158
-684 -4368
-9683 -5029
5900 1535
3033 5872
-4850 1230
9747 529
-114 -4796
2407 -8613
3206 1986
69 -3990
-4608 -906
7214 3345
-9639 9024
5363 -6817
804 -7797
9882 -2931
-5022 8237
8594 -1515
9855 -9087
2547 1197
8753 -6373
-410 5291
-5514 -4728
-7480 4193
8134 5348
-8846 6487
9800 6660
4022 2868
-8963 8347
4374 -9646
2970 7303
7224 7698
-7327 6805
-8852 -7208
156 -5858
9154 5129
5495 -652
7097 4566
-9330 2244
2704 7948
-7427 577
-8831 -6483
-3939 -3767
-246 1425
1184 5508
9689 -1413
3246 -7820
-7677 -4873
-6100 -4693
1988 5009
-4496 -3124
-8272 -1881
-1754 -4975
2415 -1828
-7153 -3331
9844 8754
-7289 -2944
9215 -2558
-5822 -6232
8894 9318
-3066 -2365
4608 -9403
-2322 -5590
-3431 503
-3129 -2056
2412 4572
2951 287
1838 1012
-7995 -3751
9595 -1154
8730 2330
-6566 -6426
935 2990
-3589 -5918
-6661 4253
-2147 204
4131 6840
-3895 -9501
1585 -7842
-3477 -3230
-1765 6509
-378 8011
1383 -3910
-7070 9750
4940 419
-6588 -6713
-3794 -429
-443 -3484
-690 -5630
9072 7670
5293 3973
1860 -5404
-2630 5918
-7527 -5739
-7445 5987
-8150 -4994
-9183 -6545
-3036 2547
-2715 -1467
7429 -9852
-2066 -2197
340 4524
-5023 -1918
5258 7693
-5923 -5352
-1490 7614
-5019 -5288
-5255 8428
-7435 -2736
107 -3510
3214 -4885
8633 -1686
7372 670
-4197 -1481
2757 3326
1706 2765
2669 790
3648 5612
-7053 -866
-6696 -5336
1162 -4893
-2504 -908
-1551 9926
1612 -3298
3025 -5027
9431 -6460
-6241 8135
-1914 -6690
346 -6059
-944 641
5796 3535
-1043 7826
-1806 1356
2650 -5342
-2601 -2729
7349 6459
-7296 5930
-6648 -2531
-1992 2844
4404 2219
9042 160
-36 -7046
-5744 -1828
653 9177
7673 -6861
6352 8085
2857 -7578
-43 248
6042 6725
6092 1176
916 -8545
-2533 -9834
-5407 7986
-2317 -3455
4676 6553
-9642 -622
-8998 -528
-5470 -772
6702 -7486
5494 -5699
-5438 8093
-9165 -6608
3663 3244
1713 4730
-6167 3241
9679 -6238
-7916 -4342
6098 -9881
5035 -4696
2755 632
-2128 -3991
-6644 3065
-3983 -3191
-7397 5910
-3144 6676
-4627 490
1321 -9826
7616 -9788
-1709 -4006
-5998 923
-2584 -1564
-2257 -886
954 -1087
4363 -359
4115 -1734
-5491 -9546
-7613 2017
-1848 -7397
8052 8248
-7206 4018
5832 -7072
6925 4762
7187 9586
3848 -125
-3479 1114
3809 8685
-8492 -8696
-946 2356
9262 4819
8793 -4620
4399 -2517
-7783 -7114
2613 7158
-2496 806
-8413 -9836
-5516 -3201
-8539 -6720
-3682 -1283
168 8344
466 6782
9451 -9863
-2358 3399
-1135 782
6765 -1283
-4567 494
8428 4221
-7474 -1605
4784 4507
-5961 -6332
-7805 -1921
-1211 -9435
8592 -9197
9418 6906
308 -4514
2911 -1025
-4456 -7369
3372 3310
-8250 -8610
7955 2423
-7498 6516
4333 4984
-7681 -7234
-8163 -3440
-6326 -1006
-7982 -6720
3935 1625
-9803 -6381
7481 -6708
4110 2031
2682 4260
4579 -1087
-692 -526
-4078 4138
225 -4599
9155 3286
4604 -8515
-8205 7126
7417 9412
-3992 3653
-7497 8334
-2207 9005
-8836 -285
-1076 7392
4017 5978
-664 2276
-3910 2391
8740 -9409
-9219 -8411
4491 -9086
-9004 160
-538 5021
479 -7575
-6090 2862
-3153 8983
3699 4161
-6752 7870
1788 -1129
-2259 1036
8374 4781
9757 5084
-1288 -2557
9275 -4923
7282 -2751
6079 6199
-3101 -4823
-285 8017
5717 5157
3130 -1825
-8918 2010
8588 9962
4224 -7208
9110 -4823
4175 -8373
4524 -877
-6523 7662
2276 -2262
5857 8762
9680 -7373
-9665 4433
8330 2997
-5659 -2864
-8469 -5339
-3655 6594
-8204 5926
-3151 -5519
4523 -5716
4235 2580
4010 -7243
-7311 4381
-6163 1867
-4560 4232
-8352 4696
-5658 -1412
-8539 -4705
2217 -2794
9255 2521
-3410 8041
757 -5075
-8383 5305
-3245 -9150
1473 5956
-103 -278
5416 -6310
-1264 4574
7733 -7800
-3160 -3900
7 9555
-3945 -617
-2576 -5447
-1115 -4300
-6623 3059
-7628 3342
-521 9513
-1573 8651
2418 6226
288 -6989
3160 -5166
3201 -7066
3722 -3595
4720 -326
-6228 -2743
9245 -690
-3459 -6722
7516 -1829
-4894 8822
-1618 -9477
7855 8084
-5371 -178
-2257 -3355
7535 -2634
9572 -62
-3179 7706
6191 6509
-3498 -6015
8468 -9972
3703 4407
-2898 -5880
-3167 6755
907 -2385
-4553 7893
6359 -425
9896 -6511
9015 8279
1468 -2878
7413 -3287
-536 -7892
4259 9668
-9324 1606
-5068 -9933
-1546 8300
-2396 1240
-3736 2488
7554 -1362
-3119 -7130
6749 -8588
-522 6618
-8489 -2040
-1318 -8778
444 -1964
1487 9635
2880 9766
8728 9720
7472 6271
185 -723
-9607 -8034
-1825 -3270
-336 5901
-6965 -9179
-3748 -271
-6372 5840
-5918 3657
7037 -8205
9629 -5907
7784 6557
4788 2790
5441 6003
-3289 4062
-8524 -4160
9817 -8775
-9936 -4944
3547 -8141
6078 4546
8262 1889
455 8724
410 -2945
-5607 -5096
8493 1150
-2644 7022
3775 4997
-862 -541
-1122 -6684
-745 1187
7012 -9494
-7634 -3714
-297 -3565
-5000 1026
7859 -5986
-7801 4274
-9581 -6508
2770 -8008
-4366 2469
5018 -5063
581 5593
-3635 6488
8133 -1055
9744 290
-3751 -7023
5305 1053
8434 -4429
-4105 3474
5525 7872
329 51
-2474 -1360
-6644 6729
7583 -7931
-2718 -4405
7120 -124
-356 -9063
918 3609
8607 -7212
5176 3133
-1097 7361
-2272 -2350
-1099 -6629
5446 3282
-3221 8810
511 7678
8721 8472
8559 8004
-2599 -437
1345 -5781
7260 9625
8822 -8997
9298 -7569
-9052 2156
-9623 -3439
-9067 5141
-2224 -6283
-4836 1257
9520 -1568
8715 1947
-3456 -9296
6043 -3955
-9934 -898
-3034 -4784
7565 9942
-211 7154
4508 865
5643 8876
-2181 4287
-9924 -1754
5820 -7507
5870 -1476
-8282 -6125
-7599 6316
1317 4082
-4064 1402
7308 9831
7601 1189
-6684 2415
-6185 2092
470 -3696
-8443 4416
1919 -8010
-1805 -9022
9361 -4284
-4949 -2228
-2622 -1094
3512 7775
-7479 1875
-7171 7254
4751 7485
6158 3443
8426 -3808
-5808 -332
1938 -7197
-1176 362
-8344 3302
-1269 -4116
-6325 6235
-2180 2851
1485 -5887
-9663 7260
8724 5648
4285 7945
-7701 6729
-9813 -35
-4780 -2900
4335 9810
2157 8618
-4860 5645
31 -9363
5501 256
-4315 7053
-8172 6288
-8008 9267
7191 2501
-9410 9069
-1301 6176
5990 7202
-8514 -4314
3269 -2948
8354 4434
5145 -8842
-2802 -6394
8297 1571
757 -2025
1709 -3216
4932 -7332
-981 -855
3795 -8773
-6208 1340
2064 -575
-4256 -1108
4692 -7599
-8581 6149
-2770 -6402
4111 2965
4280 -4320
8173 -2225
6088 -6193
-8546 336
7910 -442
3611 -5165
-2491 2027
-4148 1275
7151 3230
-1214 2694
-3539 6034
8926 -8894
1417 9939
-6446 -9998
4048 -265
4780 1948
-7314 -3859
-2836 7728
-6505 5168
468 3611
-5840 1091
7393 -2398
5686 -6973
-2519 -1700
-8737 7894
1696 207
-8779 1266
-7178 7819
-4240 170
5692 -8271
5601 -8320
1040 -6571
3876 7049
-512 9440
-8616 -8540
3461 -9215
8940 8705
-193 -972
-6160 2325
-6475 6784
-2106 -61
1242 -2119
-1112 -4602
-5727 -7735
-517 -410
-3807 3222
-7760 708
-5704 -7847
-1328 9563
2323 -479
6896 6358
1812 2919
6551 8796
8823 -4287
-7536 4413
-6924 -3802
-2037 -5251
8362 9483
4268 -2008
-9079 -3072
72 -2219
-9748 -6749
-7208 -2762
-8005 -5455
-5710 -7746
-7796 4482
-5249 590
7163 -3401
1230 -7679
2985 1524
5899 2195
8488 5540
-6201 9986
-3662 -4509
-7324 6293
8411 -8479
7052 8439
-2247 8475
-5094 5071
-8070 6708
5096 4568
-54 -1068
4929 7742
1012 -127
5129 1151
-9620 -3809
-31 -4489
-8069 4043
6593 1449
-5270 -2286
-6040 -410
-9089 4435
9466 -3266
-6154 5190
2658 -2417
1134 9157
9875 753
-1361 8461
1614 -2658
5118 911
-6508 -5790
7211 9918
408 6754
440 4398
7604 -2933
1641 -3746
-1485 -7026
3908 1118
1243 6752
8027 9305
8297 -4743
-450 1012
-519 6394
2687 3203
8800 -8218
9169 -1377
2720 -1287
-113 1196
-9579 -7202
-9305 412
-5236 -1554
2003 2192
4955 -82
-755 9424
4462 -1000
-8258 -5509
8134 -5471
-1537 -6356
-5112 -2500
-2155 -7881
-7484 -2937
5715 5224
-8677 -3542
-9362 -2183
-2600 -6721
-6400 -867
4667 12
1876 -4039
9415 -6309
-7552 1906
496 8010
-5497 8563
-7434 -2029
3691 3767
5623 2186
-7723 7983
9709 -2624
2373 -9240
-6230 -4782
-3365 -8900
-1238 5182
-1401 -2579
9945 -4279
8766 1433
6495 -2402
2309 5066
-939 -9997
-1481 -1962
249 -4196
-6448 -4015
-1412 -5081
-1370 -6948
-6252 3500
1289 -417
-2779 -4803
-7370 -6695
-3057 -6236
-2219 -7027
-7956 3358
7951 5703
-8150 -5955
2730 5555
-4861 -9356
1844 922
6402 8733
1589 4802
7284 -6644
-2879 -4527
6596 5037
-4131 8777
-8843 567
7113 8265
-6473 9811
-263 -195
-610 -3601
4834 -5426
-3587 2440
-3160 3328
3808 2866
38 -2326
-4742 2110
-5937 6073
-8588 7754
9647 6355
7593 -3526
-5219 -1462
-101 6092
1980 5209
-7487 3211
3185 -1818
933 -6533
3301 -6241
2263 -4087
3378 1756
2951 4775
-3650 -9603
-7785 7913
-3120 -7050
-5103 7574
8902 7067
3213 4517
8012 8815
2729 2869
360 9004
5097 -4645
-9900 5766
-9867 6871
-6142 7639
-9589 218
6764 -837
9289 -8942
6181 -7060
-5505 265
7585 4561
-8600 2098
8606 -5166
-9866 -5633
9378 -7062
178 2643
-5889 -365
-4761 -7500
8563 -8626
-9145 -9570
9729 3946
-4558 -7132
-7036 2879
-7683 8687
9180 8010
151 4025
429 -7357
4529 -8844
515 1343
4733 -4617
1153 -7761
3737 2835
-1614 -6434
-5321 2354
-3555 -7204
2046 5546
-6019 2485
2851 -5248
-1315 -4322
4280 -5536
-8180 -3189
-1235 2764
-4718 1689
-7560 -7376
9417 9906
7970 8877
4087 1439
-1621 208
-8698 -9728
-3366 1638
2377 -1061
2126 3594
-2609 -7646
-2554 -2658
-15 6931
-3103 5553
-8450 -1557
-4824 -914
-211 -6078
3891 -4178
4139 -5984
-5477 -3400
-8402 -6937
6281 5338
7673 823
-9580 -5728
-3054 8219
-7712 1310
8214 790
5409 7587
6854 -6771
407 -2547
2930 -4809
-8853 -8892
4669 -3335
-3752 -9502
-7725 -5126
4972 -6565
2002 -6307
601 8302
1841 966
-6190 4284
1875 -5846
4469 9736
-956 6161
7996 6553
9834 -8164
-3782 2012
-1948 -7077
906 -5499
8345 -2773
-7341 6874
6887 8124
-5468 -2140
7000 -3360
1343 1104
9487 3322
5946 1937
