500
-7758 7807
3964 -5052
1372 -1173
-2925 -3288
-8214 -3937
-7211 9744
-8438 7170
9742 628
-5723 -8308
-2898 -5402
8501 8665
6866 4679
-1495 -3899
9791 574
8913 9468
-2488 -2645
8637 2136
3520 9494
-5209 -3493
991 9587
-3732 2371
4713 -9750
-8023 2698
119 2634
9511 4522
6716 3463
-3064 -7068
1749 -4374
-9162 -6664
-2235 -6644
-3596 5592
-6190 -6341
5845 -7027
-7605 15
6520 9309
5218 -5543
-6474 4265
1135 9970
-1825 -4593
-4745 9224
5465 -2821
-7340 -1383
-6464 2652
2444 -8334
5974 -9611
-4989 4048
-4980 2891
9375 8059
-1740 7077
8027 8628
2514 3668
9646 767
2630 -1094
-2115 -7997
7191 7015
-4230 -2123
1964 -1414
-3593 -2766
1013 2435
2833 2295
6956 -4500
-7245 325
9869 6460
1632 -4818
-975 8606
3209 -7290
5246 -8825
-2772 -9400
2347 -3885
-4102 -3940
-5548 9794
-5985 926
-1902 -7530
-8316 9327
-7387 8569
-3129 -4100
3816 -353
-170 -1017
1020 -8712
9382 2102
-1338 2078
-2340 5238
-4104 -4931
4819 -5825
1433 2298
7100 9283
9202 4341
3288 -5658
2295 7875
-2190 9683
-1118 -6335
9306 2490
-8450 -742
-3432 9605
-253 9443
8132 5601
-905 -7080
5599 816
-1806 -4449
6271 2303
-3184 4446
8798 5261
4052 -1341
-8192 5999
2795 -7771
-5972 504
1071 -4853
3650 -1631
1004 3998
2203 -8558
3899 3561
-4782 -6090
-6940 -4417
9349 -2581
-6108 3936
-2204 5785
9667 4211
-3399 1268
8688 -1425
-8537 -6628
8503 -2976
4860 -5255
1181 -2443
-2558 2773
-7367 -361
5795 -6510
2421 -3311
-5325 2886
-1089 -759
8944 3837
-118 -4379
-4402 -8223
9363 -7939
5847 3688
-2298 -515
-8686 701
-9764 6033
6478 -9844
-1346 -1307
-5252 -3550
3168 -3999
-9338 7774
-980 8434
-8121 -3354
812 1070
-2241 2813
-3043 -8108
-4229 7101
-4661 -8481
-8456 -8353
2582 9421
5874 5598
-7632 -3859
4090 4033
3700 9579
5946 -7800
-4842 9978
2339 5825
4962 7447
7956 2658
4320 -2895
-5845 -103
205 554
6455 -1499
6840 3471
-3166 8855
-2173 -6545
8142 5116
4855 734
-9658 -1339
-2735 -1744
4763 7366
-588 -6362
-9964 8379
-8988 -9753
3953 -8718
-2641 668
-863 7997
1051 5384
2266 -129
-9458 554
-33 -6363
-8792 9430
-2585 -8735
5653 5668
-5264 7476
7642 7408
-7404 8275
332 -2598
-8368 -1738
8521 -3645
4778 9768
6593 -1618
-9974 -2370
-9065 -5575
-9012 -3582
-3906 1632
9792 -2814
8177 5006
-8141 5987
3532 7825
-5942 -8088
-6282 -4192
78 -3361
-5871 -1696
-7831 6486
9641 9767
-7096 695
-832 -6236
158 2885
-3362 -2900
2535 -4212
9519 -3666
-237 1
401 6057
-4157 5573
-8722 6239
-6169 -1031
4872 -6394
-4078 7905
9939 3321
5867 1544
-3302 -3249
1841 -5119
-126 8387
-5421 -6922
-2767 149
-9836 -3854
-5471 9685
-9533 -3461
8457 6374
-7961 4548
-717 -4198
-9221 9468
7496 1424
-6973 -8448
3818 -2206
-8349 -8086
-9310 9979
-635 8736
-6329 -9375
-8225 121
-7305 -7592
-6022 1201
-8277 -3194
-9346 -1931
8644 8711
8301 8997
-473 -6449
6304 7018
8176 3299
1852 3359
-4354 8913
-7794 -8238
8933 8971
-9475 -3940
3621 1986
1408 -8416
-5858 8402
-3329 -7811
5673 -2306
6799 3724
-6043 7151
9286 9353
9953 7530
981 -2312
3499 3446
1051 -398
-1099 -5710
6532 -153
1844 6890
-9589 4319
-5793 -8996
8067 -528
5715 773
1551 6817
9900 2085
-8836 9761
-810 804
2861 2629
9230 -1774
73 -9622
6510 -3154
-4622 3227
-6667 5611
6021 1633
-1129 -6356
-3321 5343
-9959 4723
-8965 -5312
8103 -8459
2830 -4862
-254 -5616
-1611 7022
180 8833
-8732 -5888
-8094 2599
55 7890
-197 3670
-9142 -8042
-9463 -2646
4052 4602
-6441 5333
-8144 -9497
-35 7756
-9919 -2779
-6293 -7816
-1829 2412
3136 8690
589 -3400
-2803 -3196
-2946 8507
-6044 -9332
6153 -1294
5258 -2478
-2781 -1627
2398 -9401
9099 -3234
-2248 -9996
5401 328
-3462 -1080
7252 -7984
3448 2546
-6491 8883
-775 3879
-9029 -6295
-7531 4372
-6235 525
-1283 4696
-9093 -522
413 -2482
7591 -8080
2443 1910
-8643 -1604
-5051 -238
5532 -1426
922 -4549
-5310 565
-4795 -1418
-9868 -3462
-5061 8785
5972 9737
-8148 4284
-8589 -5056
-6789 -9066
3742 -1800
-8517 -5812
5475 -7103
-9923 7292
-7122 -3068
2784 -819
-9176 756
3151 -5203
-1531 -1815
-6089 -1074
4033 -7188
9411 7441
-4108 2557
638 2724
6693 6104
4866 -6037
1556 8103
-6985 -789
8974 8376
7708 -8765
-8771 -4880
-5339 60
-8428 7123
7790 3989
8433 7010
-6730 285
7517 1231
-3704 -5587
-5926 4967
3505 -9028
7994 6866
8620 3594
-9674 2244
4184 8972
2288 86
763 -9172
6664 2333
-9477 -7496
-9092 -9910
-5006 6586
4064 -5315
-868 -8339
3089 9031
-6006 -9795
-5428 1390
-1398 -1597
5140 -2984
-5578 4363
7730 -1204
-8269 -8051
4483 -5749
-9396 4952
2804 -893
6758 2332
-4297 6131
6951 -2791
6360 8760
4494 -2590
-404 1712
-6256 6741
8351 2752
-4210 -3195
-6074 1137
5122 -2408
-3224 7053
9544 9938
5510 3376
-9681 -1443
-9150 4873
-4746 4807
7218 2104
9706 -6360
5727 -3215
6154 -882
641 -5442
-4376 -7075
7991 9569
9004 6032
5406 5911
-5257 6038
462 4120
4872 3085
-494 9981
-6586 -7991
7293 -1102
1590 4710
1525 6053
401 -3491
-4111 2117
-7001 6308
-4748 -8900
2433 -9711
-9081 -6763
-7235 -9023
9942 6897
-2836 -8888
7440 -7679
1190 8769
5352 2305
5397 5525
-4852 4425
-7634 -7277
9707 -7549
9880 6551
3812 5420
-4066 5981
838 -1460
1470 8704
-8852 5525
-7159 -112
6035 -5251
-4836 -7319
-1305 7307
7695 4298
4497 -8051
8240 8675
-1293 6018
1681 8155
7797 -8104
-9305 9451
5647 1874
9453 977
8382 -9881
4197 -7822
9535 6271
1030 -6010
3906 -9110
-110 1445
5249 6861
5446 3438
6051 3476
7751 4970
1803 -9896
6737 -2012
6509 -4737
511 -1742
-1317 4088
-5154 7174
-75 4452
-6206 4736
-7453 -720
4101 -1539
-6150 2642
-9314 -6108
6871 -9590
151 -3227
9141 5963
-6182 1524
-416 -1263
2603 2254
-9280 2306
-9117 3381
-680 709
-4941 -499
8304 -8200
