1000
-3953 -1001
-6650 3512
-6287 3321
-4990 -2896
-8931 -3874
8248 -7966
7072 7490
1793 5170
-9723 -3542
9650 -8755
1100 6853
5544 6349
3165 5054
-441 9360
2752 8078
-4297 -7381
-2088 6232
-647 -1318
4199 -9750
8822 -6324
2961 761
-5463 7069
-6569 1495
5092 2479
638 -4819
3701 2738
-1921 1370
-2831 5446
-5465 2602
7263 -8690
7078 3787
490 -1789
-7211 8985
4657 -1786
-3161 183
-8544 4938
-2094 -687
-5188 -5570
8632 3358
114 -3168
-9534 3962
-5908 -932
2131 8639
7287 3818
-1188 -2828
-1719 -1647
6428 924
2701 -7747
-270 -3240
811 -2643
4280 3704
-9801 1125
-3806 -3000
-1923 8167
-2041 9258
-1067 9317
7371 -4911
4528 -3833
-4217 8047
-4706 7377
3390 5686
5138 -5264
7289 9670
9347 8607
2787 -2288
-9029 -2124
1933 -2196
-8354 -3641
4065 -7051
-5310 -9813
-8658 7182
1607 7113
4472 -3090
7225 -5941
-1653 -8096
-3083 -7824
8893 9051
-5784 5076
-2640 -8649
5054 4819
9639 1603
1466 8381
-9832 -7627
-7455 4153
3994 4125
2250 1079
-1223 -5312
5388 -7701
-9517 4337
-3764 8791
-7317 -9898
-5084 7143
7164 -5122
-352 -1971
1789 5625
7413 -596
5618 352
9379 -9641
-1845 -4486
2888 9856
-7120 9324
-12 -870
-123 -2006
-1300 -9898
177 -8080
1792 -4927
-1395 -1412
7076 -1255
-7858 5266
-9286 3169
-1449 3966
-7913 -6429
-6881 -3845
-3860 -76
-666 7691
-8720 -9939
-1884 3252
1688 -2438
-2421 2390
9887 6602
-4760 -484
-4350 9621
2930 1677
1450 7635
-6367 -335
2774 -8938
2971 -493
-2306 7404
6405 7181
-2853 -4754
8539 -5300
2571 8969
1548 -9312
-2890 9955
5980 3981
713 5888
5526 520
-2531 5194
-3837 -1806
8873 7227
3961 2829
1696 6557
-8619 3193
439 498
-8204 850
-2613 -294
-9251 9480
-2256 1687
1334 -9290
-8062 -6118
2316 -7234
-5354 -3321
690 2686
-7806 5347
5830 1439
2739 -5763
7519 7834
-8191 5258
-6075 -3735
8527 7053
3259 4690
3082 -9263
-8507 -7269
6082 -5497
1686 1010
-3764 2750
-6912 -2971
9894 -1619
2220 -8484
8458 9878
-3560 2978
-3955 1173
3214 4177
-2621 3222
6495 9080
6336 -4596
3377 4767
-655 4384
-1113 2388
-405 -7898
505 -7718
-8571 -4166
4324 -927
7207 -3392
5857 6240
7996 979
6101 -9730
5705 780
9792 963
7579 9847
-8185 -3757
-1647 2030
-282 1700
3864 5547
7310 1891
-289 1732
4907 2698
5789 -3479
5972 -7725
2455 -1846
4404 -1644
-3918 97
9766 8117
-5882 -7566
4061 -4844
-5000 -6033
-329 -1909
2884 9991
6592 -5751
6581 -6051
-7272 -2688
6232 4330
4636 2441
8445 8759
455 9471
-6039 -4586
930 2768
2978 5489
-875 -6063
-1985 499
2001 -5083
-2338 -6852
-3739 -1519
5515 1831
2193 480
5406 -4206
9660 -6706
-1439 2601
-6622 -1655
-8095 1702
5350 -7338
-5393 -9734
2360 -8513
6391 487
9138 -3117
-5436 -5378
-7233 8016
-5460 -3808
-7289 8919
2354 -3062
-8860 6515
7937 -8875
-233 -2179
-808 -3955
7951 8586
-6903 -7434
208 -5932
-1304 7402
3458 -80
4959 2461
1203 -9234
-5260 1994
-4417 5325
4616 8835
2714 9017
3032 3344
2405 -7149
9195 6900
2106 5819
9463 -7059
-4605 -2531
2917 -2318
7528 -1515
-6407 7104
-8802 -4273
-7254 2489
-7027 -9173
-6034 1560
9521 9391
-561 -7343
-686 -6728
3465 -6010
-7373 8270
-4619 5755
-4991 -8419
7573 9285
-2045 285
-5700 1753
-2148 -3016
6123 7491
-465 269
4751 5729
4807 4322
-9986 -9820
6180 -1923
-800 7199
837 -5816
-1607 -2564
4828 1307
3642 481
-397 29
-1122 4674
5944 8248
-1187 -4681
9023 1941
-6272 6203
4549 -7379
3432 2493
-7136 4947
-1825 -9254
-4754 -6706
2327 5259
-4048 -8313
3671 -6968
-7494 -678
7856 4200
-5019 6788
8434 5154
8506 3511
1743 -9580
9560 -6615
-9587 -8453
9999 6174
-3745 26
-1163 1080
-6306 -7749
-7046 4807
-1406 -8573
-2116 -1080
-1663 535
-869 5126
430 6244
-5000 -2897
5817 3014
-7735 -5741
5722 4464
-3806 6685
-2572 -6910
-6748 7808
-5755 4987
6330 7865
-8531 -8190
3426 -894
-4257 -6207
-2244 -5678
-3558 -5821
3021 1197
121 3737
-3267 -6418
-7793 3532
-2127 -120
-7144 2297
-4466 -8450
8739 1713
1617 9645
1563 6630
-6130 -6894
-6980 8635
2911 3383
9626 -1129
7081 -9944
-1359 -8793
-2382 -8521
-4140 -1118
-9453 2758
-259 8681
4428 -3784
-4624 6479
-127 -7622
1249 9109
9053 3383
6094 -9305
-5429 7009
-9283 -36
-3087 -5443
7858 -273
-612 6761
-6444 4849
-2853 -9255
-3395 -8052
1840 -9514
-6884 7781
-8190 -9111
4795 5759
7141 -89
-201 -3260
3282 7203
1051 -5999
-7579 5731
-722 8945
207 3398
-3011 7309
997 4627
-1098 -8253
-2328 -8448
-2800 -35
-5603 -3828
3482 5107
-9113 -1290
9592 -8246
-5011 4237
6922 4251
-6713 -4740
7598 9732
5227 -1221
4536 -5534
9749 3720
3196 -5028
924 811
-7622 3853
3534 -1238
-9748 -8884
5409 -4179
4576 -5549
-8381 7159
-8598 -6159
-970 -894
7365 7323
7200 -253
8480 -6564
4190 -9779
-542 -7054
472 -3347
-3527 6223
9934 3168
2325 -5247
9193 1652
-5969 4839
2111 3919
1142 -9361
-943 1946
9735 2233
5200 7585
-2614 -5005
-9421 -4461
2681 -268
125 3732
-2549 2076
-6021 -3
8362 -4351
-1268 -9689
8148 -9529
6445 -6406
6371 7623
-9920 4140
-395 7992
7219 2661
5188 9272
6275 -968
8806 -3571
-4917 -2584
-8912 -296
6319 1464
-7088 -3493
-9879 -7351
-6824 -6934
5297 8015
506 -5290
7042 9322
-5402 -5483
3161 -1116
-8989 -4249
873 -1520
-8802 -1076
-7480 7406
-2173 7132
7528 -137
3176 9012
8035 6751
-941 5508
-8530 4112
2758 859
1352 -8077
-8735 -1457
-9304 9761
-8524 6338
5035 7645
-3759 452
-4796 -6030
4297 -5526
6490 896
8629 4631
9340 9450
-5301 -3304
8647 635
-6981 2556
-9323 -924
4736 -5470
7978 6608
3220 4574
8481 4455
7156 -7424
-7566 4197
3477 5248
3363 -5040
2876 -5573
-8048 -7109
1710 3600
-3601 -215
6415 4699
2427 2225
-1815 -3105
-9273 7090
-5690 -3548
-9630 -9063
9576 -4463
-8393 1558
7147 -9984
9994 2621
7948 -3807
1922 4494
4485 6603
6971 4263
-2986 440
9270 -945
-6193 8069
3962 2880
-6160 -2960
8081 7297
9547 -7183
1733 -211
-6798 -2646
-4386 -4591
6312 7050
6740 2152
3930 5473
4208 -1137
-8373 -9551
-8887 6993
1812 -2685
3823 132
-2167 5888
4220 4223
2044 -3761
8708 -1745
189 3800
6308 -7926
-4348 6645
9931 1682
8863 3695
4225 858
-979 1593
-8467 -6288
-3912 -2451
-3187 -891
-6650 -4364
-7750 3269
6684 -7113
3254 9984
1785 9883
7010 2840
-13 -3090
-8442 -4894
5939 -7308
2833 -9883
4383 -2677
6306 8141
676 -3485
-7688 -9769
-8240 328
-5138 972
6265 9005
4474 1367
-1439 1777
9542 1668
401 -5128
-2361 -1787
-7465 -6438
-515 -4716
-914 3856
-8200 4833
9861 4083
548 6077
5007 -246
-923 -8584
6001 -1028
4049 2870
-5234 5603
-67 -2179
-4529 6271
-4027 8055
-7737 937
-9804 884
638 -1162
7078 5112
-5555 8446
9252 2204
7739 6030
1291 9572
-2150 9418
-6631 -1585
-504 -3455
-5066 -6047
-417 -9960
-225 6951
-1972 -5182
2476 -1481
-5271 3911
-3164 -3160
9178 4457
5916 -3455
3767 42
-6325 -3667
9979 -6041
4336 -4645
-1896 -9791
8541 -3053
4643 -7691
-2229 2494
9672 -5345
9431 6996
-8718 5039
-4721 -9808
-8647 -9051
2743 6753
-8492 -5051
-9091 -9338
-945 -2729
-3848 2093
-1855 -4057
3284 9798
-6677 8381
427 3807
-7554 3251
4564 -2528
8701 -9735
1580 -4293
-8446 8859
-7179 -1061
-7626 7716
9518 -3728
9360 7031
8176 -6332
-9830 8038
-7729 5743
9502 1566
-2483 5554
-2418 -6368
-4075 3436
-2065 3803
-4735 1493
-3713 6375
9511 -1502
4296 -1648
8298 4169
2458 -2491
1437 1392
-3744 -7819
-7944 9223
2208 8205
9427 -6872
-881 -8129
1808 -2958
1610 -2025
9455 4582
-5916 -6219
-1882 5028
-5991 -9168
866 -812
2952 2286
-1155 -2525
5712 2348
4619 -1106
-5541 -7573
1285 -2903
2642 4727
-486 5465
8012 5004
7585 4743
5183 1540
-2689 7036
4269 4514
-5865 -8010
6181 -1058
1786 3315
-1144 3361
-8628 5102
-2036 -3990
9068 -8130
-4587 -673
8230 -6756
7015 -7318
7273 7556
5826 -1672
1785 -4657
-90 8437
3217 -6822
-4278 6633
5391 2032
1431 4032
-7879 6171
-4969 -5766
-3693 -976
3614 327
-6284 6158
3588 5708
1685 119
2470 -5632
8239 1623
1599 8625
5538 -8998
1924 1167
-3515 -4656
9437 -8225
-7193 5468
6908 578
-6432 5847
-9678 -6870
-4095 5609
-6255 6860
4605 3308
9473 3067
8119 -1067
-8652 -1730
8661 -2442
-9759 -1603
-9612 7409
305 9323
8457 5712
-7109 8364
3252 6126
-1423 -670
7650 7418
4845 -4941
4076 -7425
-7674 7416
-5051 6870
-7371 7607
8298 6393
4899 2425
5185 1964
-8428 4349
-9797 -4246
8841 -2941
-4201 6351
5036 -679
-4244 7431
6402 5868
5690 -3908
1621 175
-6787 -2876
-2226 -9561
6053 1018
9333 2940
6794 -1338
126 -5838
7409 3640
-664 -6917
-1227 9193
7699 7394
-4844 -3087
4562 5179
2809 8992
4408 -3099
-1527 -3299
1444 -5097
-2248 1217
282 -9883
6038 5940
-9022 2186
-5822 4170
-1448 -8552
6546 5010
-5078 -6125
-3132 1458
8982 5300
-5436 -4014
5693 4469
5630 -6114
4779 8405
3002 -2802
-5585 4256
4171 1012
-4596 -7293
2328 8917
-9428 -4360
2088 10000
-4345 9266
3628 -8978
-1168 -9526
-1368 4733
-7413 3501
-2303 9139
-6115 -6111
8519 9104
6148 2617
-4408 -3001
-7489 -6562
9867 4990
6863 -2870
7399 9684
3580 6260
2269 -2372
-5556 -9829
5461 4924
1339 -8449
-1021 -1076
-5078 -9391
5906 7767
-4909 -9198
1440 2695
680 -998
8018 7710
-781 -5971
-3421 -5061
-2258 -972
-5118 6772
1571 6703
-2213 -3094
-2282 1273
656 2008
5280 9091
-1042 -898
-2006 -8904
9966 6618
-581 -2575
7682 -9707
-6899 7822
-6890 -9947
-2794 -5404
8453 -2818
-7409 8583
-2863 9453
7020 -3002
-367 7614
6356 6901
7290 -7796
-8899 3728
9014 -6988
-2991 3450
5963 -7355
-432 -5528
1900 -5794
-9262 4417
6987 4613
3250 3263
-7010 8882
3021 -8474
-8048 6003
7870 -3335
-1297 -1399
-6384 6992
2210 1487
-5815 7050
142 -1329
-3513 6546
5320 -4809
-5977 -5749
8550 5096
-5422 -5818
-2071 6406
447 -7766
-5095 9421
6839 3366
8397 -1702
1858 1284
3190 -5502
5451 -8832
1980 2115
4425 -9160
-7076 -7962
4898 4219
8969 7493
5020 3217
-9282 -3770
1338 -1741
-8101 -6708
-2329 -5732
-7147 6863
-9320 6801
1807 -7260
613 -6478
-8655 13
-3164 -1472
5466 1701
-1923 -6715
-5536 -5238
-2195 -1964
-4348 9522
1265 3965
-664 316
6560 9916
4695 -1794
6308 1108
9059 9495
6171 2352
7917 -2493
3518 -1383
9651 -8205
-5878 -6873
8065 1106
-8126 -7877
-6792 -7987
-472 -1725
-5621 2149
-4563 6698
-7212 -1095
-1289 -8359
-9257 -4787
4252 -6140
1836 -7561
9592 2192
6127 -3869
-8671 -5697
6364 7893
-6608 5178
-2432 -8835
9409 -5244
1658 -9615
-6673 3101
-8986 2640
6444 125
-3088 -5612
-5697 2937
-1451 9400
-2831 -4669
-9006 9352
-4930 -2829
9577 5203
-9537 4773
4843 7942
1673 -1757
9772 -4690
-3026 5881
-9909 -4047
-997 -8527
-3558 -8170
-4618 -5445
4034 8816
2759 590
7028 -5687
6140 -808
-8720 7058
-1619 1631
-8286 -8343
5989 -8071
-6825 325
-2870 8604
8472 8650
9474 -8025
4250 495
-7367 8086
495 -257
-67 -999
2889 -9108
-2113 -8172
7863 -1922
-8341 3973
6955 3162
-7952 3029
-8247 -5934
4009 5187
-9469 1633
606 -8657
9010 -2245
-3992 -2414
-5874 -7605
3817 3118
-5663 2558
-6470 7828
-1315 6069
8964 -681
-8183 6213
8147 -964
7209 9314
-1579 5434
-3526 -9143
6301 -6666
740 1864
-3693 -411
-751 6135
2564 -9094
623 1511
1713 7831
-9656 -9828
-4958 4850
-7883 736
4949 -1204
5695 -107
-1575 2203
5844 -4424
-5331 -6051
-737 4290
790 3240
-7036 -152
-1554 -5919
9843 2158
-6106 3522
7646 5966
-2952 7980
5254 -793
3564 6151
6026 -2604
-6393 -5058
9086 -1406
-3308 5319
4796 -2834
2841 -738
5538 3577
4455 6445
-5536 -8152
-7388 1844
-3526 1367
-2492 3099
-7555 1129
407 1800
-8553 -6814
-1712 -3645
9397 9295
631 9159
