993
0 0
2363 1
-2362 1
2363 -1
-2362 -1
2 2362
2 -2362
-1 2362
-1 -2362
2362 29
-2361 29
2362 -29
-2361 -29
30 2361
30 -2361
-29 2361
-29 -2361
2361 56
-2360 56
2361 -56
-2360 -56
57 2360
57 -2360
-56 2360
-56 -2360
2360 82
-2359 82
2360 -82
-2359 -82
83 2359
83 -2359
-82 2359
-82 -2359
2359 107
-2358 107
2359 -107
-2358 -107
108 2358
108 -2358
-107 2358
-107 -2358
2358 131
-2357 131
2358 -131
-2357 -131
132 2357
132 -2357
-131 2357
-131 -2357
2357 154
-2356 154
2357 -154
-2356 -154
155 2356
155 -2356
-154 2356
-154 -2356
2356 176
-2355 176
2356 -176
-2355 -176
177 2355
177 -2355
-176 2355
-176 -2355
2355 197
-2354 197
2355 -197
-2354 -197
198 2354
198 -2354
-197 2354
-197 -2354
2354 217
-2353 217
2354 -217
-2353 -217
218 2353
218 -2353
-217 2353
-217 -2353
2353 236
-2352 236
2353 -236
-2352 -236
237 2352
237 -2352
-236 2352
-236 -2352
2352 254
-2351 254
2352 -254
-2351 -254
255 2351
255 -2351
-254 2351
-254 -2351
2351 271
-2350 271
2351 -271
-2350 -271
272 2350
272 -2350
-271 2350
-271 -2350
2350 287
-2349 287
2350 -287
-2349 -287
288 2349
288 -2349
-287 2349
-287 -2349
2349 302
-2348 302
2349 -302
-2348 -302
303 2348
303 -2348
-302 2348
-302 -2348
2348 316
-2347 316
2348 -316
-2347 -316
317 2347
317 -2347
-316 2347
-316 -2347
2346 343
-2345 343
2346 -343
-2345 -343
344 2345
344 -2345
-343 2345
-343 -2345
2345 356
-2344 356
2345 -356
-2344 -356
357 2344
357 -2344
-356 2344
-356 -2344
2343 381
-2342 381
2343 -381
-2342 -381
382 2342
382 -2342
-381 2342
-381 -2342
2342 393
-2341 393
2342 -393
-2341 -393
394 2341
394 -2341
-393 2341
-393 -2341
2340 416
-2339 416
2340 -416
-2339 -416
417 2339
417 -2339
-416 2339
-416 -2339
2339 427
-2338 427
2339 -427
-2338 -427
428 2338
428 -2338
-427 2338
-427 -2338
2337 448
-2336 448
2337 -448
-2336 -448
449 2336
449 -2336
-448 2336
-448 -2336
2336 458
-2335 458
2336 -458
-2335 -458
459 2335
459 -2335
-458 2335
-458 -2335
2334 477
-2333 477
2334 -477
-2333 -477
478 2333
478 -2333
-477 2333
-477 -2333
2333 486
-2332 486
2333 -486
-2332 -486
487 2332
487 -2332
-486 2332
-486 -2332
2330 512
-2329 512
2330 -512
-2329 -512
513 2329
513 -2329
-512 2329
-512 -2329
2328 529
-2327 529
2328 -529
-2327 -529
530 2327
530 -2327
-529 2327
-529 -2327
2325 554
-2324 554
2325 -554
-2324 -554
555 2324
555 -2324
-554 2324
-554 -2324
2324 562
-2323 562
2324 -562
-2323 -562
563 2323
563 -2323
-562 2323
-562 -2323
2321 585
-2320 585
2321 -585
-2320 -585
586 2320
586 -2320
-585 2320
-585 -2320
2319 600
-2318 600
2319 -600
-2318 -600
601 2318
601 -2318
-600 2318
-600 -2318
2316 622
-2315 622
2316 -622
-2315 -622
623 2315
623 -2315
-622 2315
-622 -2315
2315 629
-2314 629
2315 -629
-2314 -629
630 2314
630 -2314
-629 2314
-629 -2314
2312 649
-2311 649
2312 -649
-2311 -649
650 2311
650 -2311
-649 2311
-649 -2311
2310 662
-2309 662
2310 -662
-2309 -662
663 2309
663 -2309
-662 2309
-662 -2309
2307 681
-2306 681
2307 -681
-2306 -681
682 2306
682 -2306
-681 2306
-681 -2306
2306 687
-2305 687
2306 -687
-2305 -687
688 2305
688 -2305
-687 2305
-687 -2305
2302 710
-2301 710
2302 -710
-2301 -710
711 2301
711 -2301
-710 2301
-710 -2301
2299 727
-2298 727
2299 -727
-2298 -727
728 2298
728 -2298
-727 2298
-727 -2298
2297 738
-2296 738
2297 -738
-2296 -738
739 2296
739 -2296
-738 2296
-738 -2296
2294 754
-2293 754
2294 -754
-2293 -754
755 2293
755 -2293
-754 2293
-754 -2293
2290 775
-2289 775
2290 -775
-2289 -775
776 2289
776 -2289
-775 2289
-775 -2289
2289 780
-2288 780
2289 -780
-2288 -780
781 2288
781 -2288
-780 2288
-780 -2288
2285 799
-2284 799
2285 -799
-2284 -799
800 2284
800 -2284
-799 2284
-799 -2284
2282 813
-2281 813
2282 -813
-2281 -813
814 2281
814 -2281
-813 2281
-813 -2281
2277 836
-2276 836
2277 -836
-2276 -836
837 2276
837 -2276
-836 2276
-836 -2276
2275 845
-2274 845
2275 -845
-2274 -845
846 2274
846 -2274
-845 2274
-845 -2274
2270 867
-2269 867
2270 -867
-2269 -867
868 2269
868 -2269
-867 2269
-867 -2269
2267 880
-2266 880
2267 -880
-2266 -880
881 2266
881 -2266
-880 2266
-880 -2266
2263 897
-2262 897
2263 -897
-2262 -897
898 2262
898 -2262
-897 2262
-897 -2262
2258 918
-2257 918
2258 -918
-2257 -918
919 2257
919 -2257
-918 2257
-918 -2257
2257 922
-2256 922
2257 -922
-2256 -922
923 2256
923 -2256
-922 2256
-922 -2256
2252 941
-2251 941
2252 -941
-2251 -941
942 2251
942 -2251
-941 2251
-941 -2251
2248 956
-2247 956
2248 -956
-2247 -956
957 2247
957 -2247
-956 2247
-956 -2247
2245 967
-2244 967
2245 -967
-2244 -967
968 2244
968 -2244
-967 2244
-967 -2244
2240 985
-2239 985
2240 -985
-2239 -985
986 2239
986 -2239
-985 2239
-985 -2239
2238 992
-2237 992
2238 -992
-2237 -992
993 2237
993 -2237
-992 2237
-992 -2237
2233 1009
-2232 1009
2233 -1009
-2232 -1009
1010 2232
1010 -2232
-1009 2232
-1009 -2232
2230 1019
-2229 1019
2230 -1019
-2229 -1019
1020 2229
1020 -2229
-1019 2229
-1019 -2229
2226 1032
-2225 1032
2226 -1032
-2225 -1032
1033 2225
1033 -2225
-1032 2225
-1032 -2225
2221 1048
-2220 1048
2221 -1048
-2220 -1048
1049 2220
1049 -2220
-1048 2220
-1048 -2220
2215 1067
-2214 1067
2215 -1067
-2214 -1067
1068 2214
1068 -2214
-1067 2214
-1067 -2214
2214 1070
-2213 1070
2214 -1070
-2213 -1070
1071 2213
1071 -2213
-1070 2213
-1070 -2213
2207 1090
-2206 1090
2207 -1090
-2206 -1090
1091 2206
1091 -2206
-1090 2206
-1090 -2206
2201 1107
-2200 1107
2201 -1107
-2200 -1107
1108 2200
1108 -2200
-1107 2200
-1107 -2200
2196 1121
-2195 1121
2196 -1121
-2195 -1121
1122 2195
1122 -2195
-1121 2195
-1121 -2195
2192 1132
-2191 1132
2192 -1132
-2191 -1132
1133 2191
1133 -2191
-1132 2191
-1132 -2191
2185 1151
-2184 1151
2185 -1151
-2184 -1151
1152 2184
1152 -2184
-1151 2184
-1151 -2184
2182 1159
-2181 1159
2182 -1159
-2181 -1159
1160 2181
1160 -2181
-1159 2181
-1159 -2181
2177 1172
-2176 1172
2177 -1172
-2176 -1172
1173 2176
1173 -2176
-1172 2176
-1172 -2176
2170 1190
-2169 1190
2170 -1190
-2169 -1190
1191 2169
1191 -2169
-1190 2169
-1190 -2169
2168 1195
-2167 1195
2168 -1195
-2167 -1195
1196 2167
1196 -2167
-1195 2167
-1195 -2167
2161 1212
-2160 1212
2161 -1212
-2160 -1212
1213 2160
1213 -2160
-1212 2160
-1212 -2160
2156 1224
-2155 1224
2156 -1224
-2155 -1224
1225 2155
1225 -2155
-1224 2155
-1224 -2155
2148 1243
-2147 1243
2148 -1243
-2147 -1243
1244 2147
1244 -2147
-1243 2147
-1243 -2147
2145 1250
-2144 1250
2145 -1250
-2144 -1250
1251 2144
1251 -2144
-1250 2144
-1250 -2144
2138 1266
-2137 1266
2138 -1266
-2137 -1266
1267 2137
1267 -2137
-1266 2137
-1266 -2137
2134 1275
-2133 1275
2134 -1275
-2133 -1275
1276 2133
1276 -2133
-1275 2133
-1275 -2133
2129 1286
-2128 1286
2129 -1286
-2128 -1286
1287 2128
1287 -2128
-1286 2128
-1286 -2128
2123 1299
-2122 1299
2123 -1299
-2122 -1299
1300 2122
1300 -2122
-1299 2122
-1299 -2122
2116 1314
-2115 1314
2116 -1314
-2115 -1314
1315 2115
1315 -2115
-1314 2115
-1314 -2115
2108 1331
-2107 1331
2108 -1331
-2107 -1331
1332 2107
1332 -2107
-1331 2107
-1331 -2107
2099 1350
-2098 1350
2099 -1350
-2098 -1350
1351 2098
1351 -2098
-1350 2098
-1350 -2098
2098 1352
-2097 1352
2098 -1352
-2097 -1352
1353 2097
1353 -2097
-1352 2097
-1352 -2097
2089 1369
-2088 1369
2089 -1369
-2088 -1369
1370 2088
1370 -2088
-1369 2088
-1369 -2088
2081 1384
-2080 1384
2081 -1384
-2080 -1384
1385 2080
1385 -2080
-1384 2080
-1384 -2080
2074 1397
-2073 1397
2074 -1397
-2073 -1397
1398 2073
1398 -2073
-1397 2073
-1397 -2073
2068 1408
-2067 1408
2068 -1408
-2067 -1408
1409 2067
1409 -2067
-1408 2067
-1408 -2067
2063 1417
-2062 1417
2063 -1417
-2062 -1417
1418 2062
1418 -2062
-1417 2062
-1417 -2062
2054 1433
-2053 1433
2054 -1433
-2053 -1433
1434 2053
1434 -2053
-1433 2053
-1433 -2053
2050 1440
-2049 1440
2050 -1440
-2049 -1440
1441 2049
1441 -2049
-1440 2049
-1440 -2049
2043 1452
-2042 1452
2043 -1452
-2042 -1452
1453 2042
1453 -2042
-1452 2042
-1452 -2042
2033 1469
-2032 1469
2033 -1469
-2032 -1469
1470 2032
1470 -2032
-1469 2032
-1469 -2032
2030 1474
-2029 1474
2030 -1474
-2029 -1474
1475 2029
1475 -2029
-1474 2029
-1474 -2029
2022 1487
-2021 1487
2022 -1487
-2021 -1487
1488 2021
1488 -2021
-1487 2021
-1487 -2021
2017 1495
-2016 1495
2017 -1495
-2016 -1495
1496 2016
1496 -2016
-1495 2016
-1495 -2016
2010 1506
-2009 1506
2010 -1506
-2009 -1506
1507 2009
1507 -2009
-1506 2009
-1506 -2009
2001 1520
-2000 1520
2001 -1520
-2000 -1520
1521 2000
1521 -2000
-1520 2000
-1520 -2000
1990 1537
-1989 1537
1990 -1537
-1989 -1537
1538 1989
1538 -1989
-1537 1989
-1537 -1989
1988 1540
-1987 1540
1988 -1540
-1987 -1540
1541 1987
1541 -1987
-1540 1987
-1540 -1987
1977 1556
-1976 1556
1977 -1556
-1976 -1556
1557 1976
1557 -1976
-1556 1976
-1556 -1976
1968 1569
-1967 1569
1968 -1569
-1967 -1569
1570 1967
1570 -1967
-1569 1967
-1569 -1967
1961 1579
-1960 1579
1961 -1579
-1960 -1579
1580 1960
1580 -1960
-1579 1960
-1579 -1960
1956 1586
-1955 1586
1956 -1586
-1955 -1586
1587 1955
1587 -1955
-1586 1955
-1586 -1955
1948 1597
-1947 1597
1948 -1597
-1947 -1597
1598 1947
1598 -1947
-1597 1947
-1597 -1947
1937 1612
-1936 1612
1937 -1612
-1936 -1612
1613 1936
1613 -1936
-1612 1936
-1612 -1936
1934 1616
-1933 1616
1934 -1616
-1933 -1616
1617 1933
1617 -1933
-1616 1933
-1616 -1933
1924 1629
-1923 1629
1924 -1629
-1923 -1629
1630 1923
1630 -1923
-1629 1923
-1629 -1923
1917 1638
-1916 1638
1917 -1638
-1916 -1638
1639 1916
1639 -1916
-1638 1916
-1638 -1916
1906 1652
-1905 1652
1906 -1652
-1905 -1652
1653 1905
1653 -1905
-1652 1905
-1652 -1905
1902 1657
-1901 1657
1902 -1657
-1901 -1657
1658 1901
1658 -1901
-1657 1901
-1657 -1901
1893 1668
-1892 1668
1893 -1668
-1892 -1668
1669 1892
1669 -1892
-1668 1892
-1668 -1892
1888 1674
-1887 1674
1888 -1674
-1887 -1674
1675 1887
1675 -1887
-1674 1887
-1674 -1887
1877 1687
-1876 1687
1877 -1687
-1876 -1687
1688 1876
1688 -1876
-1687 1876
-1687 -1876
1871 1694
-1870 1694
1871 -1694
-1870 -1694
1695 1870
1695 -1870
-1694 1870
-1694 -1870
1858 1709
-1857 1709
1858 -1709
-1857 -1709
1710 1857
1710 -1857
-1709 1857
-1709 -1857
1851 1717
-1850 1717
1851 -1717
-1850 -1717
1718 1850
1718 -1850
-1717 1850
-1717 -1850
1843 1726
-1842 1726
1843 -1726
-1842 -1726
1727 1842
1727 -1842
-1726 1842
-1726 -1842
1834 1736
-1833 1736
1834 -1736
-1833 -1736
1737 1833
1737 -1833
-1736 1833
-1736 -1833
1824 1747
-1823 1747
1824 -1747
-1823 -1747
1748 1823
1748 -1823
-1747 1823
-1747 -1823
1813 1759
-1812 1759
1813 -1759
-1812 -1759
1760 1812
1760 -1812
-1759 1812
-1759 -1812
1801 1772
-1800 1772
1801 -1772
-1800 -1772
1773 1800
1773 -1800
-1772 1800
-1772 -1800
1788 1786
-1787 1786
1788 -1786
-1787 -1786
1787 1787
1787 -1787
-1786 1787
-1786 -1787
