1000
-5857 -9495
3556 -1995
-2512 5199
-6810 6658
-4910 5256
-3005 6066
5001 8389
7258 -4834
3580 -3228
-6260 1348
-5152 3667
5586 -6934
6207 3980
8285 -4482
5747 8326
723 1860
-983 -3882
7491 -1915
8409 8837
6964 -6651
-2631 -7409
4875 6768
-3067 2626
-1091 -3408
2833 -46
4092 -3783
-1601 -9366
7321 -5499
8854 5350
7211 3960
5321 -4618
1466 -8997
7315 463
-3563 6709
-2405 4307
4341 6767
6641 -9657
4123 5019
664 -1250
7368 -887
8786 7426
5228 9761
4844 5281
-5423 104
-2801 2665
-1151 -9976
7121 -2101
-7250 5662
792 2900
-9023 -1252
-8821 7206
-6333 8171
-38 6394
9337 -203
-5971 -4240
7334 5152
9878 -3043
-6990 -1846
-1676 -2369
943 -2564
-6472 -8863
4446 3516
-1691 -5496
-2665 -8344
2457 -7319
9550 -3166
-5691 -9217
8856 3960
-3410 -6214
2723 -806
-4242 -4283
7742 4480
-3692 -6376
-1934 2915
-3990 1879
2581 5453
9611 1219
5355 -4142
3506 6223
1852 -250
-4808 -8073
15 -8305
-6660 -7561
216 1170
8269 -5351
-27 -8772
892 1501
970 3013
-9879 316
-894 2835
-5125 1050
8944 -2771
4680 1310
-3074 3764
1034 3658
-7859 2918
-4213 -3841
7241 8193
-321 -965
-2442 -72
-2587 4196
4669 2870
-9654 -4099
-3178 -8938
-4330 -9188
-2733 -3381
5094 -4524
-9247 4637
-3681 5548
-4086 6113
-1708 482
-1629 -1919
-5659 2426
6691 7054
5253 1046
-4450 -7149
-6817 4801
1186 -2730
4606 -7970
-8735 1049
472 -4553
1468 6226
94 5108
-4746 -5024
-5776 -3322
-8602 4031
-3720 3275
-92 2288
9071 -5001
-5954 -7679
-370 5529
-8646 1415
-4555 157
-3868 -807
-8436 5067
-56 4650
-3542 9347
-5227 -9090
-6756 -4344
-1280 9563
6863 -6008
9217 -5831
-6748 7680
-41 -6653
6502 -1345
826 -5507
-1222 -2071
4521 -747
-3377 -492
-1715 -1357
-1490 -4670
6453 -578
-8384 -6759
-8213 1970
-8821 -1447
6234 -5738
-8979 -3642
-79 5192
-2473 -9117
-17 4920
-2944 9523
6035 -626
-4538 2712
9147 -7571
-8554 1962
7056 2709
-1758 -7323
-4627 -5142
2013 -3137
-2950 8197
-6230 -5248
8733 -8016
-5750 -9685
244 7461
-580 -9561
3860 6056
-3977 -6477
-6179 -7376
1282 -7185
8305 6653
4584 -9120
-535 5595
-666 -7766
86 7911
-5780 -5082
-5544 2028
-9263 -7655
7320 7123
187 -6742
-1916 5931
-7669 -595
1828 -4805
-74 2379
7155 -9983
-9646 -2056
739 -8554
6168 8349
5630 6872
-9464 -8550
-4664 -2040
8121 5635
-2312 -3595
4894 8019
-5167 -8044
6781 1693
-9000 6244
-7034 7809
4195 -1389
8279 -2798
7512 3394
-5365 1678
9816 -8725
5213 -282
2775 7919
9320 -1519
4576 -8758
-9887 1896
-8337 2328
-7958 2328
4695 4997
7407 -5431
8234 4022
-9299 457
-5202 3312
730 9664
-9416 -7675
873 -2581
4752 -6383
-9080 -1762
-2244 -3429
4558 1904
-7940 4722
6703 4941
-5000 -2877
7502 -1193
-2990 -8709
4861 1701
6230 7371
-3917 1053
-5750 -5604
-396 -9263
8005 -8525
-780 -6837
4107 3999
-8124 -249
8095 9978
3355 -8243
9723 -574
8484 -9348
-6507 -6595
9285 -3095
-8055 -5316
8259 7250
7692 2587
-1521 -7344
2931 6862
7829 -2974
5077 3670
-6531 -4906
-8470 -2026
3139 -2523
-8468 5650
-7996 1911
8804 -6771
-5489 -1577
-5384 -1255
7903 8746
362 -7982
2816 -1697
-5861 -6943
2859 4462
-6240 1859
-7753 4663
4534 8666
2937 18
-6210 63
-8781 6874
-5898 -9279
1100 3759
6254 3086
7068 -7411
-6977 -3953
-7173 9722
1721 -694
2525 8517
1983 1375
-4280 -5084
4729 -2586
2337 789
6308 -2378
5988 6612
-8947 -360
6949 -9430
6714 -583
4783 1249
-4104 6725
6817 6457
-2916 -5385
5579 -7090
-747 -161
-4285 6843
-7877 4650
-9843 1149
1195 3589
-5698 2616
-6693 3281
-4799 -4487
9441 -6224
-3761 -6613
251 8707
4120 -2766
-5642 -6212
-1656 -1106
6422 1941
9461 -2671
2393 4259
-6488 1333
3055 -6975
68 4749
-2052 -7900
-9435 -5943
-6775 -4158
-5831 8227
5845 7036
-1267 -2576
9193 2179
4643 1152
-8231 -3565
-3900 -6491
-9533 6174
5940 4
6480 -7418
-8820 8024
-2512 1398
-6501 3851
-8960 -9600
4653 9949
5952 -5130
-4991 -1778
4347 7237
-6260 -7888
-1993 8037
-2779 9381
720 -9597
-1957 -685
7655 1874
-280 8172
-7638 -5106
-7502 4340
-4862 1566
9380 -9808
1460 -2167
9397 4976
3154 734
8884 4083
-2300 -4919
-9532 9749
-2194 -1145
8996 9408
-4254 503
7941 -8901
-1922 -2472
7425 -6334
6204 -9093
3170 4225
7938 729
-3911 417
2917 7340
5356 -7993
9658 1687
-1769 9965
438 -3754
1488 -6232
-483 -7825
-440 4317
-5271 -7532
-9470 3586
7812 -1239
3502 -1136
7374 -9878
9776 2554
3892 -5021
9637 -5316
9041 -2873
9355 -1455
3986 -1607
6515 -2583
1446 4459
-7878 6972
-5407 -2844
5322 1339
8733 2182
-9615 -3545
-2478 1965
-779 -9448
8970 895
-1542 4492
-6060 6171
-5278 3153
4382 9413
536 -109
-5686 -634
6038 -1242
4954 -2636
7105 -8836
8693 -2130
-8842 4994
4217 -5186
-90 -6999
-2477 9340
-757 -5698
-1683 -9855
5438 6600
7021 -1897
-7060 -1122
-149 2076
9949 3851
-4885 2852
6359 8588
6526 2091
-4713 -9759
-5948 -1043
-297 -5591
1323 9471
-6004 -3165
-6010 -6054
-5088 -1797
5663 -7284
-5277 -2226
8265 -3410
3196 8593
-48 8344
-5539 6533
-4547 7535
4966 2254
6952 -9109
-7135 -8522
5996 2596
-4597 -9917
2537 -3591
-4312 9286
-8178 -1428
4814 8559
-4251 -4206
-649 3385
6322 5851
1902 -2037
5392 -5949
6687 -6143
8908 2076
-9780 -8728
-5984 -3139
-4879 -4977
-6412 6818
-6661 113
1757 -3157
2868 -2496
4144 -1564
-7393 7536
-7710 8423
-3867 2625
-159 -8771
-7075 1276
1088 2479
-9083 -1242
-4854 3477
6567 5705
2171 -269
6680 1591
-5568 -4865
2817 -4139
3740 -4680
5951 3280
-1561 -2286
-7893 2763
5331 6085
3919 9055
-6924 -1758
-2689 5599
-435 -3227
-4912 4096
3139 -5728
-7999 -6521
84 -8254
281 8368
3595 7509
-4288 7092
3944 -5321
6600 2546
9648 -1115
-8502 369
-4621 4350
-9353 -2044
-7231 -623
9745 9943
8745 1275
6005 8553
-2182 6675
-3903 -6383
-5931 3106
6688 2633
9596 6542
-1237 3584
7459 5596
8052 -8013
-6300 1068
-2854 3709
-7699 -4737
1430 8696
-7079 -4505
1118 -7572
-2970 -5447
-2493 -3186
609 4754
-8448 -9449
-2604 6437
7080 1559
-4386 -6037
-3850 6636
2892 8006
-1603 2485
1765 459
-5615 -795
-5602 3772
1593 4069
-3680 -1212
-6682 7260
690 1071
188 -368
-3465 4746
-7969 -1641
-4862 -7629
-2750 2642
1142 9608
-3373 7065
750 2252
9541 -6744
-5482 -8402
12 5523
-8359 446
6774 -2663
-4768 8000
1080 2779
-7908 -3432
-4865 171
7866 8389
6466 9647
536 -2982
4292 -2190
-2807 7161
-5306 -8000
5142 37
-4676 5193
7238 -8211
7319 6867
-9905 -8996
3393 -7904
-5817 2203
4584 -7043
-2743 -3189
3405 5514
-8224 -3778
4154 -9924
6544 5496
-459 177
603 -3856
-9378 -9682
-9769 -4680
-9753 -2293
8487 -7588
802 -1964
1286 6086
9117 9298
8275 1672
-4794 -4726
-6091 4726
9070 6829
1421 -1370
-342 -5289
5691 7050
2357 -7036
978 3756
2638 -6935
-4957 -1956
-7901 2060
-3942 -7802
3755 -5443
5066 4218
-7552 594
-8738 -6803
6639 -3813
-4454 -6773
-6082 8354
9259 -6159
-4406 -5563
8472 8373
8044 9766
2403 6172
9503 6461
9283 8573
1222 8518
8758 -2105
-3990 -2014
1472 -1988
3400 9871
1420 -5830
-8485 -6246
-6211 -4782
2660 2883
-6683 2465
-9764 -4867
9902 -3867
9921 -702
-6524 7482
181 2826
6413 -2672
4085 -5751
1052 5742
3319 -6588
-8274 9953
9051 -4691
2842 -9664
-6889 513
6550 -9911
1765 -8521
1492 -9099
-3392 -8305
5434 2495
-9224 -1025
-6324 -7978
-9654 -1877
7480 3538
-8427 -2475
4808 -2621
-5762 -7466
3230 -6477
-5939 2337
2253 -3364
-4309 414
1710 8644
9617 8919
-7446 7412
-2589 9059
-3318 -1604
426 640
-173 5629
-3365 9725
4420 5623
-7791 2205
2287 4132
-9002 9186
-3362 -6807
-7092 -3876
-8244 -8363
6800 -1278
1683 3870
4554 -6144
-2932 1950
-887 -9021
-5293 -1931
3310 8437
-3603 6819
35 8077
3256 7963
-6487 -8784
-4117 -5117
-8734 7979
-1457 -4220
-4400 -8229
-7713 -6126
-9686 -9602
4684 9203
4878 -2917
5968 -6427
5787 8321
-1786 7342
-1608 3778
7129 -7027
-3430 6765
8499 7129
-9487 -4514
3073 6678
2110 -3500
5919 -8232
4354 -3646
7093 2786
-3396 7160
-734 -9524
-4228 -8756
-9310 7332
-1411 -8420
-3691 1855
-529 3370
9958 -1189
-782 -8835
-7742 -7989
2567 887
-5766 -9595
-2515 693
-301 -7058
-9969 5419
-9406 -2774
8705 -9776
506 -3284
8501 -2495
-8792 -8766
3745 -8359
5405 6627
243 -3324
-7676 -2563
839 -2198
10000 7766
7428 -2873
3376 1552
9236 -6543
-2497 -3635
-1654 3925
2647 1552
-5491 -1221
-2182 -250
1862 -822
1939 3299
-940 -1285
-9739 6933
-5854 -7152
-3124 -6030
8129 -5597
-7076 -6402
2591 -1389
1746 6040
1604 6447
-4499 4674
-4171 1652
-1819 9292
-5027 4129
4420 -7346
-4084 -7702
5552 -1327
8943 9488
-826 520
-1039 7101
7558 1754
-3422 -9335
7007 4365
3896 7234
4331 -8861
-734 -4935
9411 -7295
5569 -6950
2244 -5608
-1661 -428
-1570 -2980
7974 3155
4671 6841
-2060 -7522
3294 1150
-3823 -3459
6094 -8864
-3543 9722
8667 6013
-8597 7141
-745 -8539
-1128 6677
4650 -9548
2709 -8450
426 40
-9630 -4039
5617 9059
846 2773
1457 8903
-9907 3460
-4872 -4544
8864 839
-193 -9697
7082 -5158
-7470 1438
-9944 28
-5885 2006
5617 -7655
-282 8321
-5321 -4935
-9394 -7029
-6227 -5475
-6627 8349
-4910 4931
3006 7867
973 -830
-8108 44
-5838 1890
-1550 9620
3138 -9406
-7548 855
867 -5583
4303 -245
-5881 2865
-8582 5484
-5475 7922
4631 -3922
8747 2474
3206 1640
7139 1411
9932 -539
3006 -5401
-7045 -7390
9859 4151
3021 -3074
-4973 -6623
1775 -5642
-5528 7993
-3550 -5592
6939 8478
9787 -6218
2357 9235
2099 7843
-8144 -5689
4814 8757
-5630 -207
4827 -475
-6356 -4792
-8565 -4593
-6996 7807
478 -5594
-8531 -8276
-6729 -3791
-9108 -2743
2538 5909
-1484 4696
1931 5986
-7676 -6757
414 -7135
2021 -9778
-7871 -1101
-7309 -6079
6659 -2641
1321 2734
432 3050
5633 -9413
5068 8057
-6882 7989
405 -9387
6910 -3269
-2652 7019
2739 -1870
2019 -152
6242 -2688
-1065 -7038
-8544 -6888
-5519 6663
-6654 5478
-6738 8327
8770 4848
-9434 -7087
-1867 265
60 -7812
-7153 5236
8565 -1707
6162 -2118
5793 -7012
-5799 -8487
687 7555
-6668 656
-2149 9015
-9424 7614
8336 3979
-195 -8875
-9561 3171
2378 -7846
1436 -1296
-5007 5491
-35 9134
7313 -9050
-7341 971
-1158 -1765
5276 2065
9253 -3083
-2370 -5537
-6652 1903
-908 -111
4968 -2367
-5219 -1998
1004 -3784
-3823 -386
-5756 -1195
-716 -2342
-7270 -8507
-8960 -2760
-6195 -9515
4270 1742
-3102 2777
-6599 9510
3541 -7861
-400 -9865
-6890 3103
-6824 -8905
-5266 -7480
-6521 5068
9725 -2953
-1607 1775
4291 -9203
-4530 1747
9238 4703
6422 6500
-9206 4102
-7138 -5661
-644 9143
-6205 -2440
5280 -6559
-9726 -3095
-8466 8805
-6139 8145
7926 -4021
8253 -9958
-908 -9578
-7129 888
3758 8933
-2188 -4112
-3445 -3727
56 -8184
-6486 -5709
-6561 -7270
3629 -937
-2499 457
-1343 -5593
5163 -2049
-5003 7908
7427 -7511
-9677 4154
-9833 -8442
5151 -9878
7925 7793
-977 -9296
813 3646
2226 5111
619 -7136
-1725 3867
-7563 8022
-2255 3828
-691 -6695
9810 7429
3938 3836
188 -9846
7324 9433
-9408 5104
-3106 7162
9486 8958
-7378 -6540
-5143 -4657
6797 -291
-1233 -3681
-4673 8591
3451 8296
-630 -5785
-6539 -2215
-2662 3299
-5955 -6970
-6208 2378
-477 -2762
-970 344
-7388 831
-2862 6833
-5614 3703
-4921 5894
-897 -4094
-2844 8945
-1707 -6350
2319 -8160
-7174 -5435
-7770 4484
2436 -9922
1923 9757
4725 4787
-8263 6299
-3931 -5998
-7573 -9302
-5401 341
3676 8845
-8733 7068
5932 -5872
-3876 3967
1204 640
-7715 -4793
9341 -6194
4982 7693
-9624 -1685
4599 -7211
2972 5813
4190 -659
-5122 2429
8781 -2661
-950 -8453
7407 241
2855 744
-7387 -8815
-3956 -3151
-4258 752
3371 697
1156 8275
1266 -2698
6543 7391
-4384 -376
