1000
-7470 -682
-3644 508
-9690 -5960
3128 -290
-7294 -9403
-2439 -8986
-6500 -1575
3675 9671
-1895 -2702
7774 9107
9774 -4702
-791 2035
-6633 8458
-742 6723
-9366 5375
-8120 4677
3601 -3896
274 1586
8022 -9794
-1490 -2924
-2176 -3179
-3297 8047
-3215 3174
-6005 5241
4469 5446
-2115 1264
-9627 6264
7004 1270
637 235
2233 -6373
-5613 7356
-2833 8494
-2753 -6468
-8705 -3470
4615 -2226
144 -9845
-9256 2310
7118 5494
-3710 -9502
7167 -2695
8675 -1091
7042 2119
9521 -4297
9058 9847
1246 -6108
2584 -7558
-7833 2180
1223 3629
3889 130
-5474 -1950
-4023 726
-4257 -3983
-3125 -9947
-4889 3616
-5705 8724
-555 2537
-2805 6501
3 2563
482 -6097
-7301 -1989
-4795 1624
-2358 -8873
-5046 9677
2736 -2970
-6056 -1930
1676 372
-4237 4454
7335 -9379
2572 -8048
3349 5533
-7277 -7014
-9935 -1298
-2980 8092
5042 -7420
8314 -928
-3418 1154
-9243 -5388
-6405 -6992
9938 -4178
-6987 -5670
-3540 6143
2629 -434
-2414 2242
2093 4316
5429 -7257
-3267 8040
8561 2994
-9540 -6533
5729 5117
7265 -6820
-3383 1999
1399 2536
2362 5742
-622 455
-3244 -80
-8675 -2870
-6864 289
-6980 -418
-1145 595
-4557 -5715
-7540 -6003
-3199 640
3413 2111
-1765 -7359
1960 -6349
2957 -965
947 -5472
-2137 -2035
1578 -2617
-5922 -8250
2881 8096
-9984 4723
-2265 1728
7839 -6007
-3745 -6628
-3582 3961
-3824 8197
-5360 2762
-2791 7776
5911 -2108
6271 -9927
4931 1818
-1135 -8124
1957 -7574
-9177 4262
-2141 1173
8126 3130
-619 -9721
-9116 2652
-8966 -6569
2860 -5227
5298 -625
-1458 -7111
-7684 9200
-3962 3245
-5567 3897
2379 -696
8900 4253
6617 -1234
7445 -1329
-9959 1403
-3607 -7720
8317 614
2306 1482
274 -495
-8851 8739
-3107 1130
-6506 -7526
-7169 -5072
2817 -6264
4130 661
1450 4958
8809 -4382
-9137 -5147
-7529 9395
5651 7751
6244 7157
8816 -5611
8089 1440
8675 -4386
-3765 3838
-7040 -192
-7875 -8454
-4278 1383
-6627 -5221
-1489 989
9977 5461
-5654 1068
-9086 6044
5510 -6622
-3321 -8774
2503 1509
-4047 -8704
9195 -7733
-7175 -9391
-454 -900
-7279 742
-4864 145
-88 -2650
4420 -2380
3186 910
-1873 -3556
-3403 -7906
-1945 -6574
3303 6331
-4372 -3018
8091 2621
2843 -2972
-9466 -1803
-8491 -976
9748 -7618
-8914 1502
3667 4858
3917 7113
-7122 -9617
-3556 -9731
9503 4264
2244 4700
5934 1086
7625 -587
-7353 -497
2548 -2928
7402 -5725
-8000 -6981
-5589 -4903
8157 2203
8127 -8262
8281 -6035
4748 3968
-7199 7895
231 116
2028 -2895
-2813 2801
7295 5915
7401 7420
-4443 -2990
-9118 6988
7584 -3135
7044 4510
4637 8183
6182 -4570
-8042 -6918
8659 -7815
-1604 2123
-9474 164
-1746 -8848
4730 9589
6005 -7332
-9962 6126
8093 455
566 -9752
3915 8682
8800 2320
-5501 -345
-2282 -1628
-9152 1499
-7384 7242
-8304 9174
-8042 -123
-5781 3447
-3012 -1410
1427 -5606
-8721 184
-8704 3294
9994 -9812
-1132 -8255
1976 -6063
-8820 -5298
30 -2572
2988 -2227
-8433 575
9541 4499
5558 -3324
-8844 -75
-3789 4073
-2939 -945
-529 -6233
5897 -2964
-2821 -4774
-5330 -902
4211 -7933
2824 -2671
6118 -9569
3899 5945
5417 -8502
3167 -7743
-8015 -7745
-934 -4539
-8306 -3448
1693 5629
-6046 3923
9518 9975
-4016 3501
1419 9177
-5999 -7592
4758 -7090
-9950 -5172
200 -1880
-9471 -7050
3072 6111
7780 -7588
1089 -6773
72 1569
-4875 5582
5243 -9991
-1700 -468
-1995 -8431
8008 7852
5914 350
3694 6068
-8882 -4952
-7659 -3835
7944 -7543
4866 -4131
-4958 -8981
-4673 -6573
7068 771
5270 -9044
7731 -1891
5941 7090
-6492 -768
9214 3149
6528 1598
5066 -9878
-5872 -9304
155 -1708
-9138 -7830
2909 1746
-7849 4881
-586 8828
5172 -3183
-1156 -8213
5907 6487
4228 7650
7395 1155
-5314 -6687
5340 9254
9009 4778
-2766 -3204
-8589 9629
-9539 -8626
-8236 7642
5335 -2580
1466 3776
9417 -6943
-1218 -4386
9639 -7144
-5945 1344
-4469 7964
5043 -73
8412 -8255
-810 702
-7524 -3156
5234 -8781
743 251
7774 8692
-5400 -6112
833 -1298
4848 -3198
-377 4369
-4496 4149
-7618 -2715
2044 -9001
9104 -1438
-7885 3848
2931 2004
-9949 -1415
-1099 2805
-6213 -5536
8546 2700
3059 3774
-3513 7641
-3645 6204
-5152 -3862
8015 -4754
-5057 -2665
-367 -3230
-5254 7612
-3327 -7212
-9925 -4277
-6513 7360
-8169 -418
1168 7777
-881 6198
-7609 -691
-3637 996
7204 2651
2855 -2212
1316 2117
-3679 -2322
3471 -7991
-7443 -1172
6800 -3682
-5307 1554
8448 1118
5990 9876
6236 -6795
6013 4440
-3508 6379
2494 -1638
-4319 -2579
44 766
3988 6724
-3730 8868
-8086 8208
8650 -7186
-6752 -5106
-959 -5039
7989 -9625
-6992 -8059
7014 -6779
-1443 -8753
-6789 7062
2692 -279
-426 9794
-2217 -2476
8231 -7113
5565 -5923
1921 -2205
1112 912
-6141 -1638
7999 -2809
7777 3304
-1435 -3637
8279 -5806
-1369 4360
-5028 5000
6708 1109
-8589 7646
-4329 5939
2356 2990
-4111 -5564
7589 -7888
-2272 -1855
6260 3369
7402 -9404
-2023 5881
-8811 -7296
2536 -9878
1301 9693
2834 -3737
-6626 232
255 -3334
-4123 9082
-9737 -8646
9989 -2330
-8605 5539
3146 -3875
-7023 -6831
-2122 -3731
-2798 -3292
-8777 2030
7433 3161
9612 3307
6344 -7577
-5897 -3893
-9207 -6060
-4859 -1887
-7373 9729
2066 -84
292 9494
7585 960
-9278 -9508
1880 1581
-3137 -9772
5135 1976
-2782 -6767
-5084 -8001
343 -1045
-852 -3492
-8714 1006
3450 6687
-2957 9179
9674 3181
-5650 5294
658 -296
2181 8071
-6012 1429
-8660 7084
8240 -594
9437 3065
-8857 -3638
-2478 -6761
-2974 -333
-2210 3217
-3886 585
-5711 -1240
647 4800
-8119 -5684
806 -5069
-5034 -6301
-9991 -8442
6225 178
-3989 -6920
-2633 -2749
-2720 -2586
5964 1644
-1661 8641
-6310 944
2027 -9279
7211 9513
9217 7491
325 -2140
-690 5438
-1421 -2044
9237 3077
238 5482
-199 -9261
-7831 950
463 -2185
-1184 -3997
5328 -5815
7049 -4213
-8275 9895
409 9867
-197 5983
-8814 5018
-2479 -8531
-2729 5786
-4904 1489
-1176 917
9820 1651
5220 -6337
-5844 9235
-555 -4907
3884 5645
1017 5597
-409 2570
1769 -89
-5827 -9972
-4629 4532
4905 4458
-8378 -1905
4443 -6627
-7604 -9831
-2288 6976
6062 -7739
-2637 -8688
1473 -2629
-476 -208
-2209 7007
3285 5611
679 -6445
5062 -4848
3711 2848
2315 8499
5565 -9147
-686 -6557
-2249 682
497 -7524
5186 7240
-3280 -4591
-9045 -146
8424 -3215
7331 9412
8269 3464
-2088 -2594
-1402 4505
-1343 1659
9895 -7256
3453 4807
3195 8730
-7526 -2463
-1094 4827
5581 -6772
-6331 510
-9600 6079
9333 -5676
6796 -9088
-1146 9412
1394 -7722
4664 -1109
-7979 -6300
-1006 -4150
645 8327
-7412 7039
-7761 -9201
9504 6272
-2661 -9044
-755 -4617
2723 9743
9899 -158
1547 9774
9545 -9115
8546 -2312
102 -7840
5284 -6794
5500 7269
-6673 9223
-5989 -2487
9198 -5305
2722 3279
-8812 -7494
-886 -4485
7436 9377
237 3479
4947 8475
-4977 -4319
-7806 4047
51 -2087
3363 4254
5145 -7748
4540 4225
3783 -5966
-3010 -486
-6068 426
-984 6925
-6077 -3647
-7546 3852
-1628 8349
7975 5752
-4743 1848
4872 -6483
-1772 5539
-5555 5871
-9384 507
-5686 6484
-1458 793
-4278 -555
817 -5824
-6883 694
156 1724
9853 5729
-7492 6224
-5182 6708
4467 -7224
213 4279
9627 9617
2658 -6945
-2883 -1087
9608 4554
-5763 -8401
5803 -9747
2024 -1898
4598 717
-9219 -543
4878 7762
-8103 7332
-6758 -3466
-5913 -6259
4823 7063
4352 -5917
-5032 -7996
5969 -7160
-7190 3626
3704 -1980
-9986 740
7860 5943
1627 652
7747 6116
-2329 -4922
-2386 187
4866 8351
6055 8515
7515 -5469
-2505 -7785
-759 -6135
-8209 -7861
-4134 2432
-2701 -5665
1487 -925
-7476 4383
947 -4544
-8284 1157
2544 -3886
-2780 178
4445 1253
4194 -6145
121 3816
-3640 -7672
-5266 459
954 6067
-7772 2159
46 -2819
7476 1166
8288 -2021
-1105 -3629
-5009 5562
-6918 -3759
-6184 3305
7047 -2469
5450 -7651
7304 6907
-1827 7606
4399 2273
-4564 7139
1151 -415
7378 5815
2220 -9334
9967 3164
-1846 -8157
3947 -1634
1638 1973
3456 -8516
8553 -6214
-3096 -3184
5466 -2693
-7581 -3408
4444 4523
7723 -6416
9730 -6776
-8833 -6102
8806 9392
8611 3837
3460 8697
-3337 -9724
-4790 152
-8806 3513
2253 3771
-5073 2965
-522 7570
-2536 -5081
3240 -9186
-8337 402
-5752 3760
-6813 -3695
-2654 8456
4825 -2502
-8 -213
8191 8339
-7638 -4448
5440 3022
-6966 -5930
-9986 -7462
-6093 7825
4185 6595
-3803 -7250
2728 -693
-6999 -9231
5545 -6676
930 4488
-8963 6583
-1233 -948
8800 5188
-8875 9014
1349 -5995
-7313 -5241
5688 -9977
-1700 -8687
6072 2066
6867 4758
8243 -8638
-4584 1430
-4814 -9125
2934 -9161
-2846 -4693
-7678 3674
7 -995
-9534 5418
-9082 4274
9691 -1591
-1952 9240
-5720 -9736
-865 -8320
230 -5405
-4957 -4809
-1597 6077
-533 6487
-3880 1931
-9578 -9661
1268 -3340
7130 2013
9782 -2310
5929 9403
-8595 -6944
8191 -433
1476 5262
-6448 865
-4150 -9816
3545 4133
-8302 -1101
-1399 -985
4488 1373
-885 6764
-1095 2340
-3523 -5947
-7233 -5374
-362 -3709
3857 -2253
7602 9608
-7568 -1440
-1648 1585
718 5767
3933 8434
-4602 -4373
2952 -5177
-8021 -2429
-7325 -879
-617 -4397
-615 6126
-564 -4627
-2011 9301
-4403 3253
9366 -9660
-3392 9158
-68 4161
-1440 684
4928 7956
-617 4304
-8665 2988
6040 -2908
3917 -6229
1121 -2743
-2031 1017
3992 9398
6059 -5426
-4913 -970
8590 -2887
-468 8587
551 4428
4338 -1023
-5855 6488
5809 8035
5596 -945
9012 274
7208 8453
7797 -9457
-4023 -8351
2749 8522
-3143 1750
-2754 -7739
7062 6044
-1099 -6637
919 1253
4259 177
-3586 -8040
949 2569
-4653 714
1208 -6061
-3886 -1593
1258 8514
9025 6932
-2134 4075
7894 9109
6167 -2970
-8342 -585
8953 6272
-9209 6644
53 -9164
1908 -1362
-5410 7888
871 -4431
-908 1363
9961 -4563
8500 6882
-7734 9990
5458 147
9412 -4666
1877 8907
4213 -3800
-7843 -6923
4056 -9054
1719 -5639
3941 3724
-9632 -8284
-461 -3899
5571 8477
3732 1346
906 -7474
7259 6421
-3967 4408
1885 -1311
9363 -2992
-1534 -7166
-2183 1802
-7972 -1584
-9473 -6377
-9790 6901
-2241 -8508
2924 9322
1802 -4206
1586 -257
3903 703
-8199 -3617
7662 9397
8684 -9924
-6365 -7433
-1722 -9741
7596 7827
9720 990
-7207 8773
-6973 5778
-1501 3092
7991 57
-2191 -5214
5628 6623
9151 -2700
9645 2793
1127 -6604
9395 1761
-799 533
6534 -5816
-2492 8024
-1998 8278
3075 1319
5446 4078
4374 2859
9635 4427
-977 6901
7870 -2737
8913 1412
9668 -5689
-6765 2701
2415 -8478
2337 2921
6457 -3668
9288 -1017
-1380 2442
-7988 2803
-4791 -9569
3171 -3505
1808 6952
5088 -1102
-3446 -3007
-1131 6812
5798 3334
-9139 -7012
3055 739
4929 8929
2010 6067
-777 2006
-3145 723
3485 9678
-5136 783
-6002 7304
9563 -223
3759 7239
2819 7154
4691 4859
-8466 4570
5725 -562
-7970 -4371
7815 -5481
1858 -9101
6474 -8549
-4698 -2248
-50 2146
2619 -2060
1735 1199
-7138 -848
-1397 4955
1466 9835
8096 -5080
-6529 9352
4121 7439
-4990 3404
-2375 -9708
-5534 3142
-3847 -7137
2239 6652
-4046 -48
-2449 4583
1509 -6305
1955 4372
7281 -5618
-6470 -3444
-3192 3202
1105 4330
-4647 -144
3600 6326
-1095 -9956
8174 -5468
-2534 710
8855 -2167
5152 -2875
5958 3728
-756 3221
-8957 -7566
3136 -4503
-3137 4053
936 -42
8140 1251
3559 -3039
3045 5317
-9691 -8990
-5395 -9291
-3857 -8889
-9219 8962
5016 9819
-3181 -9083
-2102 1016
2753 2293
-3823 -289
1470 -2114
7974 -1118
1273 9496
3111 2264
9310 -1263
-4535 -2765
-7950 -2646
2351 8492
1425 2219
8012 -9259
6084 1468
-3510 -3309
7679 866
2603 -5459
-836 -3714
9613 4423
-9033 33
5451 11
141 2896
8145 9614
4326 17
-322 -2332
6379 -9191
9921 -6817
5698 -4005
-6981 -5722
-7582 -8492
2732 -7584
8943 7665
-1928 5789
6573 -629
3944 9036
418 -2602
-1676 5640
7042 2891
1040 -8215
-6987 338
