1000
2391 1
-2391 1
2391 -1
-2391 -1
1 2391
1 -2391
-1 2391
-1 -2391
2390 29
-2390 29
2390 -29
-2390 -29
29 2390
29 -2390
-29 2390
-29 -2390
2389 56
-2389 56
2389 -56
-2389 -56
56 2389
56 -2389
-56 2389
-56 -2389
2388 82
-2388 82
2388 -82
-2388 -82
82 2388
82 -2388
-82 2388
-82 -2388
2387 107
-2387 107
2387 -107
-2387 -107
107 2387
107 -2387
-107 2387
-107 -2387
2386 131
-2386 131
2386 -131
-2386 -131
131 2386
131 -2386
-131 2386
-131 -2386
2385 154
-2385 154
2385 -154
-2385 -154
154 2385
154 -2385
-154 2385
-154 -2385
2384 176
-2384 176
2384 -176
-2384 -176
176 2384
176 -2384
-176 2384
-176 -2384
2383 197
-2383 197
2383 -197
-2383 -197
197 2383
197 -2383
-197 2383
-197 -2383
2382 217
-2382 217
2382 -217
-2382 -217
217 2382
217 -2382
-217 2382
-217 -2382
2381 236
-2381 236
2381 -236
-2381 -236
236 2381
236 -2381
-236 2381
-236 -2381
2380 254
-2380 254
2380 -254
-2380 -254
254 2380
254 -2380
-254 2380
-254 -2380
2379 271
-2379 271
2379 -271
-2379 -271
271 2379
271 -2379
-271 2379
-271 -2379
2378 287
-2378 287
2378 -287
-2378 -287
287 2378
287 -2378
-287 2378
-287 -2378
2377 302
-2377 302
2377 -302
-2377 -302
302 2377
302 -2377
-302 2377
-302 -2377
2376 316
-2376 316
2376 -316
-2376 -316
316 2376
316 -2376
-316 2376
-316 -2376
2374 343
-2374 343
2374 -343
-2374 -343
343 2374
343 -2374
-343 2374
-343 -2374
2373 356
-2373 356
2373 -356
-2373 -356
356 2373
356 -2373
-356 2373
-356 -2373
2371 381
-2371 381
2371 -381
-2371 -381
381 2371
381 -2371
-381 2371
-381 -2371
2370 393
-2370 393
2370 -393
-2370 -393
393 2370
393 -2370
-393 2370
-393 -2370
2368 416
-2368 416
2368 -416
-2368 -416
416 2368
416 -2368
-416 2368
-416 -2368
2367 427
-2367 427
2367 -427
-2367 -427
427 2367
427 -2367
-427 2367
-427 -2367
2365 448
-2365 448
2365 -448
-2365 -448
448 2365
448 -2365
-448 2365
-448 -2365
2364 458
-2364 458
2364 -458
-2364 -458
458 2364
458 -2364
-458 2364
-458 -2364
2362 477
-2362 477
2362 -477
-2362 -477
477 2362
477 -2362
-477 2362
-477 -2362
2361 486
-2361 486
2361 -486
-2361 -486
486 2361
486 -2361
-486 2361
-486 -2361
2358 512
-2358 512
2358 -512
-2358 -512
512 2358
512 -2358
-512 2358
-512 -2358
2356 529
-2356 529
2356 -529
-2356 -529
529 2356
529 -2356
-529 2356
-529 -2356
2353 554
-2353 554
2353 -554
-2353 -554
554 2353
554 -2353
-554 2353
-554 -2353
2352 562
-2352 562
2352 -562
-2352 -562
562 2352
562 -2352
-562 2352
-562 -2352
2349 585
-2349 585
2349 -585
-2349 -585
585 2349
585 -2349
-585 2349
-585 -2349
2347 600
-2347 600
2347 -600
-2347 -600
600 2347
600 -2347
-600 2347
-600 -2347
2344 622
-2344 622
2344 -622
-2344 -622
622 2344
622 -2344
-622 2344
-622 -2344
2343 629
-2343 629
2343 -629
-2343 -629
629 2343
629 -2343
-629 2343
-629 -2343
2340 649
-2340 649
2340 -649
-2340 -649
649 2340
649 -2340
-649 2340
-649 -2340
2338 662
-2338 662
2338 -662
-2338 -662
662 2338
662 -2338
-662 2338
-662 -2338
2335 681
-2335 681
2335 -681
-2335 -681
681 2335
681 -2335
-681 2335
-681 -2335
2331 706
-2331 706
2331 -706
-2331 -706
706 2331
706 -2331
-706 2331
-706 -2331
2330 712
-2330 712
2330 -712
-2330 -712
712 2330
712 -2330
-712 2330
-712 -2330
2326 735
-2326 735
2326 -735
-2326 -735
735 2326
735 -2326
-735 2326
-735 -2326
2323 752
-2323 752
2323 -752
-2323 -752
752 2323
752 -2323
-752 2323
-752 -2323
2321 763
-2321 763
2321 -763
-2321 -763
763 2321
763 -2321
-763 2321
-763 -2321
2318 779
-2318 779
2318 -779
-2318 -779
779 2318
779 -2318
-779 2318
-779 -2318
2314 800
-2314 800
2314 -800
-2314 -800
800 2314
800 -2314
-800 2314
-800 -2314
2313 805
-2313 805
2313 -805
-2313 -805
805 2313
805 -2313
-805 2313
-805 -2313
2309 824
-2309 824
2309 -824
-2309 -824
824 2309
824 -2309
-824 2309
-824 -2309
2306 838
-2306 838
2306 -838
-2306 -838
838 2306
838 -2306
-838 2306
-838 -2306
2301 861
-2301 861
2301 -861
-2301 -861
861 2301
861 -2301
-861 2301
-861 -2301
2299 870
-2299 870
2299 -870
-2299 -870
870 2299
870 -2299
-870 2299
-870 -2299
2294 892
-2294 892
2294 -892
-2294 -892
892 2294
892 -2294
-892 2294
-892 -2294
2291 905
-2291 905
2291 -905
-2291 -905
905 2291
905 -2291
-905 2291
-905 -2291
2287 922
-2287 922
2287 -922
-2287 -922
922 2287
922 -2287
-922 2287
-922 -2287
2282 943
-2282 943
2282 -943
-2282 -943
943 2282
943 -2282
-943 2282
-943 -2282
2281 947
-2281 947
2281 -947
-2281 -947
947 2281
947 -2281
-947 2281
-947 -2281
2276 966
-2276 966
2276 -966
-2276 -966
966 2276
966 -2276
-966 2276
-966 -2276
2272 981
-2272 981
2272 -981
-2272 -981
981 2272
981 -2272
-981 2272
-981 -2272
2269 992
-2269 992
2269 -992
-2269 -992
992 2269
992 -2269
-992 2269
-992 -2269
2264 1010
-2264 1010
2264 -1010
-2264 -1010
1010 2264
1010 -2264
-1010 2264
-1010 -2264
2262 1017
-2262 1017
2262 -1017
-2262 -1017
1017 2262
1017 -2262
-1017 2262
-1017 -2262
2257 1034
-2257 1034
2257 -1034
-2257 -1034
1034 2257
1034 -2257
-1034 2257
-1034 -2257
2254 1044
-2254 1044
2254 -1044
-2254 -1044
1044 2254
1044 -2254
-1044 2254
-1044 -2254
2250 1057
-2250 1057
2250 -1057
-2250 -1057
1057 2250
1057 -2250
-1057 2250
-1057 -2250
2245 1073
-2245 1073
2245 -1073
-2245 -1073
1073 2245
1073 -2245
-1073 2245
-1073 -2245
2239 1092
-2239 1092
2239 -1092
-2239 -1092
1092 2239
1092 -2239
-1092 2239
-1092 -2239
2238 1095
-2238 1095
2238 -1095
-2238 -1095
1095 2238
1095 -2238
-1095 2238
-1095 -2238
2231 1115
-2231 1115
2231 -1115
-2231 -1115
1115 2231
1115 -2231
-1115 2231
-1115 -2231
2225 1132
-2225 1132
2225 -1132
-2225 -1132
1132 2225
1132 -2225
-1132 2225
-1132 -2225
2220 1146
-2220 1146
2220 -1146
-2220 -1146
1146 2220
1146 -2220
-1146 2220
-1146 -2220
2216 1157
-2216 1157
2216 -1157
-2216 -1157
1157 2216
1157 -2216
-1157 2216
-1157 -2216
2209 1176
-2209 1176
2209 -1176
-2209 -1176
1176 2209
1176 -2209
-1176 2209
-1176 -2209
2206 1184
-2206 1184
2206 -1184
-2206 -1184
1184 2206
1184 -2206
-1184 2206
-1184 -2206
2201 1197
-2201 1197
2201 -1197
-2201 -1197
1197 2201
1197 -2201
-1197 2201
-1197 -2201
2194 1215
-2194 1215
2194 -1215
-2194 -1215
1215 2194
1215 -2194
-1215 2194
-1215 -2194
2192 1220
-2192 1220
2192 -1220
-2192 -1220
1220 2192
1220 -2192
-1220 2192
-1220 -2192
2185 1237
-2185 1237
2185 -1237
-2185 -1237
1237 2185
1237 -2185
-1237 2185
-1237 -2185
2180 1249
-2180 1249
2180 -1249
-2180 -1249
1249 2180
1249 -2180
-1249 2180
-1249 -2180
2172 1268
-2172 1268
2172 -1268
-2172 -1268
1268 2172
1268 -2172
-1268 2172
-1268 -2172
2169 1275
-2169 1275
2169 -1275
-2169 -1275
1275 2169
1275 -2169
-1275 2169
-1275 -2169
2162 1291
-2162 1291
2162 -1291
-2162 -1291
1291 2162
1291 -2162
-1291 2162
-1291 -2162
2158 1300
-2158 1300
2158 -1300
-2158 -1300
1300 2158
1300 -2158
-1300 2158
-1300 -2158
2153 1311
-2153 1311
2153 -1311
-2153 -1311
1311 2153
1311 -2153
-1311 2153
-1311 -2153
2147 1324
-2147 1324
2147 -1324
-2147 -1324
1324 2147
1324 -2147
-1324 2147
-1324 -2147
2140 1339
-2140 1339
2140 -1339
-2140 -1339
1339 2140
1339 -2140
-1339 2140
-1339 -2140
2132 1356
-2132 1356
2132 -1356
-2132 -1356
1356 2132
1356 -2132
-1356 2132
-1356 -2132
2123 1375
-2123 1375
2123 -1375
-2123 -1375
1375 2123
1375 -2123
-1375 2123
-1375 -2123
2122 1377
-2122 1377
2122 -1377
-2122 -1377
1377 2122
1377 -2122
-1377 2122
-1377 -2122
2113 1394
-2113 1394
2113 -1394
-2113 -1394
1394 2113
1394 -2113
-1394 2113
-1394 -2113
2105 1409
-2105 1409
2105 -1409
-2105 -1409
1409 2105
1409 -2105
-1409 2105
-1409 -2105
2098 1422
-2098 1422
2098 -1422
-2098 -1422
1422 2098
1422 -2098
-1422 2098
-1422 -2098
2092 1433
-2092 1433
2092 -1433
-2092 -1433
1433 2092
1433 -2092
-1433 2092
-1433 -2092
2087 1442
-2087 1442
2087 -1442
-2087 -1442
1442 2087
1442 -2087
-1442 2087
-1442 -2087
2078 1458
-2078 1458
2078 -1458
-2078 -1458
1458 2078
1458 -2078
-1458 2078
-1458 -2078
2074 1465
-2074 1465
2074 -1465
-2074 -1465
1465 2074
1465 -2074
-1465 2074
-1465 -2074
2067 1477
-2067 1477
2067 -1477
-2067 -1477
1477 2067
1477 -2067
-1477 2067
-1477 -2067
2057 1494
-2057 1494
2057 -1494
-2057 -1494
1494 2057
1494 -2057
-1494 2057
-1494 -2057
2054 1499
-2054 1499
2054 -1499
-2054 -1499
1499 2054
1499 -2054
-1499 2054
-1499 -2054
2046 1512
-2046 1512
2046 -1512
-2046 -1512
1512 2046
1512 -2046
-1512 2046
-1512 -2046
2041 1520
-2041 1520
2041 -1520
-2041 -1520
1520 2041
1520 -2041
-1520 2041
-1520 -2041
2034 1531
-2034 1531
2034 -1531
-2034 -1531
1531 2034
1531 -2034
-1531 2034
-1531 -2034
2025 1545
-2025 1545
2025 -1545
-2025 -1545
1545 2025
1545 -2025
-1545 2025
-1545 -2025
2014 1562
-2014 1562
2014 -1562
-2014 -1562
1562 2014
1562 -2014
-1562 2014
-1562 -2014
2012 1565
-2012 1565
2012 -1565
-2012 -1565
1565 2012
1565 -2012
-1565 2012
-1565 -2012
2001 1581
-2001 1581
2001 -1581
-2001 -1581
1581 2001
1581 -2001
-1581 2001
-1581 -2001
1992 1594
-1992 1594
1992 -1594
-1992 -1594
1594 1992
1594 -1992
-1594 1992
-1594 -1992
1985 1604
-1985 1604
1985 -1604
-1985 -1604
1604 1985
1604 -1985
-1604 1985
-1604 -1985
1980 1611
-1980 1611
1980 -1611
-1980 -1611
1611 1980
1611 -1980
-1611 1980
-1611 -1980
1972 1622
-1972 1622
1972 -1622
-1972 -1622
1622 1972
1622 -1972
-1622 1972
-1622 -1972
1961 1637
-1961 1637
1961 -1637
-1961 -1637
1637 1961
1637 -1961
-1637 1961
-1637 -1961
1958 1641
-1958 1641
1958 -1641
-1958 -1641
1641 1958
1641 -1958
-1641 1958
-1641 -1958
1948 1654
-1948 1654
1948 -1654
-1948 -1654
1654 1948
1654 -1948
-1654 1948
-1654 -1948
1941 1663
-1941 1663
1941 -1663
-1941 -1663
1663 1941
1663 -1941
-1663 1941
-1663 -1941
1930 1677
-1930 1677
1930 -1677
-1930 -1677
1677 1930
1677 -1930
-1677 1930
-1677 -1930
1926 1682
-1926 1682
1926 -1682
-1926 -1682
1682 1926
1682 -1926
-1682 1926
-1682 -1926
1917 1693
-1917 1693
1917 -1693
-1917 -1693
1693 1917
1693 -1917
-1693 1917
-1693 -1917
1912 1699
-1912 1699
1912 -1699
-1912 -1699
1699 1912
1699 -1912
-1699 1912
-1699 -1912
1901 1712
-1901 1712
1901 -1712
-1901 -1712
1712 1901
1712 -1901
-1712 1901
-1712 -1901
1895 1719
-1895 1719
1895 -1719
-1895 -1719
1719 1895
1719 -1895
-1719 1895
-1719 -1895
1882 1734
-1882 1734
1882 -1734
-1882 -1734
1734 1882
1734 -1882
-1734 1882
-1734 -1882
1875 1742
-1875 1742
1875 -1742
-1875 -1742
1742 1875
1742 -1875
-1742 1875
-1742 -1875
1867 1751
-1867 1751
1867 -1751
-1867 -1751
1751 1867
1751 -1867
-1751 1867
-1751 -1867
1858 1761
-1858 1761
1858 -1761
-1858 -1761
1761 1858
1761 -1858
-1761 1858
-1761 -1858
1848 1772
-1848 1772
1848 -1772
-1848 -1772
1772 1848
1772 -1848
-1772 1848
-1772 -1848
1837 1784
-1837 1784
1837 -1784
-1837 -1784
1784 1837
1784 -1837
-1784 1837
-1784 -1837
1825 1797
-1825 1797
1825 -1797
-1825 -1797
1797 1825
1797 -1825
-1797 1825
-1797 -1825
1812 1811
-1812 1811
1812 -1811
-1812 -1811
1811 1812
1811 -1812
-1811 1812
-1811 -1812
