1000
-7302 4103
2578 -6606
2998 4991
-6566 2775
200 -7964
1336 -1846
-7878 -1208
6958 218
-6471 2265
3845 9683
5299 2355
8844 -7780
3325 -8604
333 -5528
6114 -7882
-6975 -7585
-7302 -1692
8252 -1073
7782 -1926
4021 -8901
-9935 7581
-1716 -2930
-4994 6632
-5278 -2970
-5988 5079
4549 -8393
-961 9272
-3543 3867
-8069 4991
-5408 7221
-9395 -8294
-9440 2184
-5451 2367
7833 9215
-2681 3310
7813 -4975
-3001 5537
-2719 5523
-7684 7202
2360 -7324
-6221 8729
8736 5522
-950 7658
-9894 583
-313 -3204
4018 -4722
-6441 3413
8086 -6675
1756 -8827
446 5524
-41 2923
920 7053
8243 9013
-2592 -3924
7543 819
-6728 3009
9889 -4105
-7311 -1628
8566 -6458
3020 -4454
5936 6624
-3790 6410
4666 6559
8937 -533
-7179 8271
6828 5634
-3186 -4454
8770 -6430
6990 5026
9101 -845
-1182 9613
8847 -25
-5083 -4683
-8796 -8803
-2401 5878
-5253 2076
-6743 8276
2633 -1253
4828 1616
4069 7923
-119 8815
883 4169
3961 2708
-3066 -9645
2669 8432
36 -6138
-5659 -4718
-2339 418
7030 -7705
-9087 -8939
9714 -8807
1881 -3639
5448 -7750
-7508 4462
2394 -2624
7403 -3030
2719 112
-2727 -1366
-3731 -5849
-5763 -4977
9132 5917
9526 7002
1929 -1815
9471 -5669
452 1772
4623 -6311
-4574 -7922
6033 2141
-1600 -6463
152 6645
8544 4459
929 -2415
8184 9752
5009 -8842
2884 1983
-1890 6434
724 -9920
1429 -9691
2720 7753
3944 2558
6326 -6006
-3331 6813
2257 9489
9085 7330
-6131 -5522
-3954 -623
1805 5137
-409 9617
4989 -8710
-2936 -4073
4341 -6360
-7769 1051
-3755 -6411
5587 5882
-985 -5770
4176 -6044
-6045 2748
9291 4207
-8586 8890
5697 2608
6135 -7282
-8879 1022
-8286 9495
5925 2427
3911 -2458
6004 2336
1324 -6301
6411 -3751
807 -6588
-2242 9810
6255 -8243
4963 -7992
2450 6176
8 442
-8873 222
3095 -8042
-8457 4222
4789 -9301
-8384 7915
4462 9980
-6633 -8577
-4372 3836
5065 4507
8763 -9418
-4426 -4868
8087 4012
-858 2758
5839 887
-7250 -9826
33 -3669
-3391 1692
-1898 5154
-9044 -8621
6386 -2016
-9393 9892
5909 -9623
396 4392
-1370 2484
-620 -4369
122 -9001
5401 7336
8076 6281
1906 -6323
-1118 971
-9949 4360
3680 5083
6669 -2600
1461 2204
-4930 6185
169 -4212
-5384 -823
-8918 -137
7018 -7544
-9728 -800
4354 -7844
746 -2985
-5645 -3919
6075 8520
-7299 -7968
1293 3820
6609 625
-1199 9159
6964 -1214
-602 -246
2648 -1507
3807 6462
6629 -4756
4614 -8738
-8006 -232
8079 -279
-8343 -8204
-735 -8169
-864 9447
1291 -6809
-7847 -5203
2722 -3404
-5056 4261
8235 -2167
9888 -86
2475 9429
1621 -645
-9607 -8914
-3951 -8909
8420 6887
7976 -217
7535 6264
1509 833
-6090 -9580
-9619 2154
6313 -2034
6040 -1881
-2624 5942
1436 7672
-7734 -4549
1102 -3428
-8316 -1857
3100 9432
3987 -8022
7205 -2635
4936 -4112
4031 4014
3818 4891
-8725 -1109
-3996 -5453
-8138 -9730
8143 -1426
-7883 -1646
-9110 -8687
-9699 -3347
2114 -9601
2710 -785
-8169 354
-1742 2488
-1356 -1610
-3009 2819
119 6065
3586 8350
9528 -1426
5716 2537
5711 4756
7574 5993
-2244 -137
1086 -5562
-8043 -2239
7969 -742
-5582 -5227
3066 9724
2167 -7729
8124 -6042
-9007 5420
-8343 1091
-3784 122
7735 6961
-1558 -4035
-1135 -2294
-9940 -693
6711 2502
-1831 5052
1694 1587
-1274 -1832
-2156 7236
-3244 4745
3232 -8006
-5710 -1978
-3753 4598
-3696 -3882
-7270 -6180
4294 6388
-6051 3776
5286 5871
-2446 -9041
-6766 -9936
-3459 -1098
1022 -6805
-16 6314
9974 -5059
-4539 53
-5835 -8359
-9929 6363
7321 -2238
-5729 9209
-1918 -3195
2085 82
6536 -6023
184 -8459
-8484 7430
-3423 9562
9118 5341
-6838 -4764
1682 -5150
2680 -7209
-8974 -8850
-5967 1492
6689 -6276
5980 -2149
-9668 7752
-9621 444
1179 -4417
-3853 2156
-1692 2410
4359 8462
7119 5989
-4503 401
6116 9689
152 7582
2860 -4061
-5283 -9475
4467 1131
-9620 -1179
7929 -1332
5264 8240
2052 2369
-9352 -2312
-1585 -5943
-756 -2379
-10 -4311
9249 2407
-1574 4686
7088 -2275
-5764 -9347
5113 -6784
-3260 -176
905 -6632
-4413 -9472
1263 -5445
-5375 6742
7155 1976
-2175 8094
3281 -8980
721 2259
6090 7783
8564 -9177
2745 -7292
-8050 1742
7421 9706
4443 2473
4098 -4127
-4370 -2420
1741 -143
2620 -4199
94 783
-2758 4703
-4532 -4096
-6149 -570
-4266 -9749
789 6770
3420 -7583
-1020 -9196
3529 -469
4226 3441
-2404 -6159
-9739 -3268
3940 1064
1122 -3528
-6643 4876
1733 -6822
4049 6075
1569 383
-5103 2825
-1322 6790
-5265 9043
250 2051
756 860
5282 -7955
2114 -9178
7675 2828
7104 -8823
1670 9974
-7540 -8510
1772 -3365
1611 -7348
-3214 7069
1564 4978
-8652 7983
-6050 -1116
1963 6328
-806 -5902
-9645 -5024
316 9406
-8504 -3742
7298 -3165
2484 -5897
8835 9359
1234 -1747
6572 -7478
9297 5958
314 1078
3859 7920
-9778 73
1905 -5932
4531 4791
-9496 1729
-4003 9440
-3821 -7434
-3931 -4952
2293 -3200
7992 2237
4499 -7283
-4270 4513
-7474 8663
8278 -2236
3278 3170
3609 7360
533 9536
-4962 6628
-5201 -5729
8160 -9142
1537 7947
8700 5756
-5660 2924
3405 9458
444 5792
-867 -8823
9069 -8047
-9202 -2211
-1450 4693
-5604 -870
2472 4997
9959 -4156
-2878 9813
3498 -9308
-1175 -4117
3285 6903
9107 4836
-5768 -619
9062 5810
1820 -2303
-9138 -2379
-8708 548
8399 -4278
5927 7139
-888 -9625
-3834 6321
-4625 2087
9669 7119
2743 4504
51 7
-7507 9839
-7206 5128
1742 9071
-7227 -2162
-7592 627
-4270 2362
3412 4043
1316 7660
-6896 6954
7617 5514
-7903 -2729
-4806 6542
3073 -9038
-4833 -4350
2781 7661
-7207 2273
-6758 -9595
1021 3366
-8789 6045
-7329 -2686
6249 -6293
4260 5820
3616 9993
-3068 -1979
5621 1062
2882 8333
7614 -902
9954 6811
-2463 -849
8283 880
-7432 -6717
5061 444
6046 3336
-4815 8127
2451 -1804
-5796 -6305
8982 3064
6943 570
7143 9013
-8768 -5569
6287 3769
-4223 3915
9185 -3209
8069 -6533
-4966 -8334
288 -6026
2123 -52
4914 588
6196 -3374
8400 -4809
3876 7557
-9484 -3308
-2988 -7290
2976 -7701
3981 -9167
-3345 1297
9831 -4049
-591 -3288
7091 -5468
-7875 -5526
3336 -5372
-220 1863
6768 918
-4112 2801
-4638 -1456
6551 -4929
3409 5579
-3570 -8
7788 702
240 7395
8014 -3480
4991 4652
-6490 7315
-9799 -2506
9596 5858
3984 -72
-6922 -9792
-4666 722
8151 6837
-1246 -7170
-5700 9458
2455 -9575
7406 -1976
771 -5379
-8025 3491
4076 -5096
1972 -8797
3402 -2116
6883 8906
-5561 -9509
2071 -154
-2385 -9230
3257 -7094
2915 8919
-4356 -9005
-5709 4402
2193 -2486
7279 -4581
-7531 -5051
-7786 -4489
4775 6616
-4162 -7048
7788 4390
-3548 3157
-6782 -5563
-2940 7481
3998 -2614
-9544 5705
-9138 -2849
8061 9400
-1859 7181
-2918 2245
-7369 8132
9222 7049
157 -4248
8642 -8742
6383 -8276
-8798 9617
-7670 7849
4164 -1458
-7442 458
2732 -1163
-6127 7516
3270 -3692
-5340 6234
-7173 -8459
-3758 -9899
-9679 -4177
-3752 -2673
9470 -1589
4572 -691
13 7098
1580 9911
8252 8240
-1457 1072
-3592 -4662
-821 -8469
-7999 -6155
-1469 361
3105 -7434
-2498 2449
4831 8391
-8365 -6226
-26 -1128
5404 3930
2855 9186
-5240 -8926
8481 -8606
-4685 7217
-8039 -5678
1336 -5831
4073 7088
-7218 4078
-8829 1058
7324 3363
-3596 -729
7078 -2296
-3959 186
-75 9038
-7048 -4729
-8908 6534
-1442 3922
-307 -6579
6404 1521
8582 4217
-7375 -751
-5221 -5901
-9365 3
6449 8445
5234 -8513
-5246 -1736
-7286 -6909
-7498 1576
-7386 1295
-6782 4705
9079 2577
5029 -3214
7914 2400
3413 9133
-7104 -6910
9477 -5132
2382 -2910
-941 -2302
-3426 -9857
9733 8908
5560 1773
-6124 -6605
8482 -1358
-3318 6681
1646 -4075
7540 -9444
-3805 -979
-1008 -5706
-6742 -6248
-107 5016
-8201 -4109
-2418 -5550
2764 9128
9019 9628
-8762 7863
-4602 9595
-1857 -1401
2922 3976
-4743 3087
-1272 6
6799 312
1914 7489
-8892 -866
-6252 5587
-4247 2352
-985 -2691
8638 2692
-2841 -3349
-5432 -9005
4650 9772
3279 8592
-7880 482
2360 -428
-3358 7485
2146 6889
-7525 7083
-6311 -423
6089 1807
-6172 -9933
2969 9174
-9427 1726
6015 -7606
9032 -8602
-3893 8669
-6616 -8587
4239 -6960
8804 4980
7349 4710
2163 -9605
-5595 -3869
9845 -1784
-552 6783
-8391 -5499
9923 6872
-7699 8256
4094 -9459
8033 5778
-5643 -7246
-5578 -4643
-5653 -6356
-5456 -3252
8829 3839
588 8182
-5011 -5738
2012 -5713
2027 5001
-5498 -1287
7588 -8873
-8281 2595
-2329 7777
-8060 -1472
81 4116
7941 4893
4846 6083
-9019 -1029
1985 80
7551 8129
2697 251
-2854 9882
1695 2541
7423 8188
-4241 -1541
1280 1891
6241 -4543
-726 1688
4572 -3854
-7683 -8845
2963 -360
4913 8657
-6061 -35
-3543 -4636
7089 -8137
4202 4714
-2074 8191
-8649 1679
-4209 -8993
1346 2345
8727 -665
4730 4209
8904 -8736
9732 -2873
8525 6543
8924 -1224
-463 1582
-4986 -8890
9749 7295
-7220 8268
-4823 4098
-4864 -1102
5012 -1197
8939 -6462
6452 5908
-2852 -1531
1119 8276
-2151 5479
-9257 8901
-2777 6682
-1233 -2011
9438 -8908
297 -5119
-5084 6868
-8643 3933
-5051 -5581
-126 2079
2650 -4851
-1260 -4511
-2136 -9392
-9705 6676
9494 -5060
2939 -1223
4730 3673
-1676 -401
1696 -7468
-1827 -3850
-3591 9909
5986 -1856
2546 2657
5332 -6256
2621 6615
-5994 -4471
-9249 -2151
4751 -7606
-7139 8578
7588 2394
1722 -9346
6843 -8983
4960 3319
8351 -9545
9601 6140
-6984 -2214
9016 -5362
-144 4933
-4467 2210
-8599 -114
5950 -6856
2881 6795
-8235 1649
2735 -5295
-3639 -7641
-6779 -8045
-3254 -729
-9899 -3285
1741 754
-5936 2529
6585 4041
-5216 2601
-3810 8183
-4069 -7725
9886 -1735
-3374 8834
-8051 743
6937 -2861
-7566 -6554
8318 26
-8066 3267
-6859 7511
-9651 7992
-7545 -6977
-2179 5413
2288 -3914
-1314 -6946
9405 1993
5056 -7504
920 -1919
-9199 379
-3595 2943
-119 7495
-2988 -84
-5613 -6707
1696 -4323
-9249 -6043
811 310
-257 4162
-1606 -1239
3686 4451
9355 -7703
-1749 4784
927 -31
5951 -356
263 7029
-7304 8577
4421 -7149
237 8270
-5470 -6361
-2111 6399
3162 -6187
-7627 4052
-9637 8624
-4 -8557
-1904 -6491
-383 2080
492 -7227
6035 -7099
-4673 -8636
-6299 4170
3940 4140
-8789 -7059
7622 -7330
3056 -9570
9876 -8595
1060 7048
-786 -5993
-7985 2558
5977 -6370
7812 3872
498 4587
-8677 -6700
6634 -446
-4036 7481
3703 8681
-6132 6078
7351 -7526
746 2265
-6783 7413
-7659 -1057
-9115 5158
4944 8745
4986 6966
1400 -2150
-2082 -6659
-5451 -2866
8204 4665
-4108 -4386
-9511 6078
1702 -5251
-450 4394
8871 5035
-49 6519
4637 3230
8331 7285
2851 -2323
8634 -7992
-317 4418
-9979 9998
7951 -5697
-107 -8320
5180 3407
5493 -5798
1022 -6017
6270 -3493
6631 -2566
5854 165
3853 -2209
5448 502
4508 -2195
-1101 7145
-4599 -7135
-1345 2826
-6325 -4940
-2367 -1632
6160 2546
1874 5070
8969 -3213
-9866 8812
-3796 107
6315 -7072
1482 -9595
-7672 -5221
-5799 8764
-2162 9456
9403 1539
-9219 -5713
-143 2055
-7876 -9060
250 -8676
9509 -5457
-6700 3616
-1227 8334
7684 2
445 1992
1980 4681
-2649 2783
-3818 -2662
2060 3611
-1977 2174
3145 7482
-9965 2102
6109 4929
536 -8837
2788 -2501
-8816 5922
7853 -6559
-6631 7925
6122 3575
1307 2837
282 6465
-2168 -2059
3199 3030
-1964 -1351
8614 6442
6197 7136
-1221 -8700
9551 -1849
6949 -7945
-3435 4752
9812 -7139
-7694 1692
-7421 -4505
5566 -1525
-6178 7707
-5427 4694
4030 -1991
-5218 -5100
-9275 -5894
-5509 1643
-7388 8201
4467 6604
-1638 -6483
-4482 9448
-5947 -9465
2914 9358
4416 4219
-3246 5139
503 4340
9370 -2269
7350 -9823
6246 4185
5794 -6540
4346 -4699
-1813 9756
1644 5068
-1712 -9911
-6194 -2866
-228 -94
9193 6006
1794 9342
-8389 5656
-6297 1212
446 5869
-4189 7477
-8662 810
-2911 -6386
-1808 -3265
3236 -4246
-6568 -8990
1924 -4933
2038 -860
2505 -5291
