107
99.500000 100.000000 0.000000
99.500000 100.000000 0.058721
99.500000 100.000000 0.117443
99.500000 100.000000 0.176164
99.500000 100.000000 0.234885
99.500000 100.000000 0.293607
99.500000 100.000000 0.352328
99.500000 100.000000 0.411049
99.500000 100.000000 0.469770
99.500000 100.000000 0.528492
99.500000 100.000000 0.587213
99.500000 100.000000 0.645934
99.500000 100.000000 0.704656
99.500000 100.000000 0.763377
99.500000 100.000000 0.822098
99.500000 100.000000 0.880820
99.500000 100.000000 0.939541
99.500000 100.000000 0.998262
99.500000 100.000000 1.056984
99.500000 100.000000 1.115705
99.500000 100.000000 1.174426
99.500000 100.000000 1.233147
99.500000 100.000000 1.291869
99.500000 100.000000 1.350590
99.500000 100.000000 1.409311
99.500000 100.000000 1.468033
99.500000 100.000000 1.526754
99.500000 100.000000 1.585475
99.500000 100.000000 1.644197
99.500000 100.000000 1.702918
99.500000 100.000000 1.761639
99.500000 100.000000 1.820361
99.500000 100.000000 1.879082
99.500000 100.000000 1.937803
99.500000 100.000000 1.996524
99.500000 100.000000 2.055246
99.500000 100.000000 2.113967
99.500000 100.000000 2.172688
99.500000 100.000000 2.231410
99.500000 100.000000 2.290131
99.500000 100.000000 2.348852
99.500000 100.000000 2.407574
99.500000 100.000000 2.466295
99.500000 100.000000 2.525016
99.500000 100.000000 2.583738
99.500000 100.000000 2.642459
99.500000 100.000000 2.701180
99.500000 100.000000 2.759901
99.500000 100.000000 2.818623
99.500000 100.000000 2.877344
99.500000 100.000000 2.936065
99.500000 100.000000 2.994787
99.500000 100.000000 3.053508
99.500000 100.000000 3.112229
99.500000 100.000000 3.170951
99.500000 100.000000 3.229672
99.500000 100.000000 3.288393
99.500000 100.000000 3.347115
99.500000 100.000000 3.405836
99.500000 100.000000 3.464557
99.500000 100.000000 3.523279
99.500000 100.000000 3.582000
99.500000 100.000000 3.640721
99.500000 100.000000 3.699442
99.500000 100.000000 3.758164
99.500000 100.000000 3.816885
99.500000 100.000000 3.875606
99.500000 100.000000 3.934328
99.500000 100.000000 3.993049
99.500000 100.000000 4.051770
99.500000 100.000000 4.110492
99.500000 100.000000 4.169213
99.500000 100.000000 4.227934
100.000000 100.000000 4.286656
99.500000 100.000000 4.345377
99.500000 100.000000 4.404098
99.500000 100.000000 4.462819
99.500000 100.000000 4.521541
99.500000 100.000000 4.580262
99.500000 100.000000 4.638983
99.500000 100.000000 4.697705
99.500000 100.000000 4.756426
99.500000 100.000000 4.815147
99.500000 100.000000 4.873869
99.500000 100.000000 4.932590
99.500000 100.000000 4.991311
99.500000 100.000000 5.050033
99.500000 100.000000 5.108754
99.500000 100.000000 5.167475
99.500000 100.000000 5.226196
99.500000 100.000000 5.284918
99.500000 100.000000 5.343639
99.500000 100.000000 5.402360
99.500000 100.000000 5.461082
99.500000 100.000000 5.519803
99.500000 100.000000 5.578524
99.500000 100.000000 5.637246
99.500000 100.000000 5.695967
99.500000 100.000000 5.754688
99.500000 100.000000 5.813410
99.500000 100.000000 5.872131
99.500000 100.000000 5.930852
99.500000 100.000000 5.989573
99.500000 100.000000 6.048295
99.500000 100.000000 6.107016
99.500000 100.000000 6.165737
99.500000 100.000000 6.224459
