103
100.000000 100.000000 0.000000
99.500000 100.000000 0.061002
99.500000 100.000000 0.122003
99.500000 100.000000 0.183005
99.500000 100.000000 0.244007
99.500000 100.000000 0.305009
99.500000 100.000000 0.366010
99.500000 100.000000 0.427012
99.500000 100.000000 0.488014
99.500000 100.000000 0.549016
99.500000 100.000000 0.610017
99.500000 100.000000 0.671019
99.500000 100.000000 0.732021
99.500000 100.000000 0.793023
99.500000 100.000000 0.854024
99.500000 100.000000 0.915026
99.500000 100.000000 0.976028
99.500000 100.000000 1.037030
99.500000 100.000000 1.098031
99.500000 100.000000 1.159033
99.500000 100.000000 1.220035
99.500000 100.000000 1.281037
99.500000 100.000000 1.342038
99.500000 100.000000 1.403040
99.500000 100.000000 1.464042
99.500000 100.000000 1.525044
99.500000 100.000000 1.586045
99.500000 100.000000 1.647047
99.500000 100.000000 1.708049
99.500000 100.000000 1.769051
99.500000 100.000000 1.830052
99.500000 100.000000 1.891054
99.500000 100.000000 1.952056
99.500000 100.000000 2.013058
99.500000 100.000000 2.074059
99.500000 100.000000 2.135061
99.500000 100.000000 2.196063
99.500000 100.000000 2.257065
99.500000 100.000000 2.318066
99.500000 100.000000 2.379068
99.500000 100.000000 2.440070
99.500000 100.000000 2.501072
99.500000 100.000000 2.562073
99.500000 100.000000 2.623075
99.500000 100.000000 2.684077
99.500000 100.000000 2.745079
99.500000 100.000000 2.806080
99.500000 100.000000 2.867082
99.500000 100.000000 2.928084
99.500000 100.000000 2.989086
99.500000 100.000000 3.050087
99.500000 100.000000 3.111089
99.500000 100.000000 3.172091
99.500000 100.000000 3.233093
99.500000 100.000000 3.294094
99.500000 100.000000 3.355096
99.500000 100.000000 3.416098
99.500000 100.000000 3.477100
99.500000 100.000000 3.538101
99.500000 100.000000 3.599103
99.500000 100.000000 3.660105
99.500000 100.000000 3.721107
99.500000 100.000000 3.782108
99.500000 100.000000 3.843110
99.500000 100.000000 3.904112
99.500000 100.000000 3.965114
99.500000 100.000000 4.026115
99.500000 100.000000 4.087117
99.500000 100.000000 4.148119
99.500000 100.000000 4.209121
99.500000 100.000000 4.270122
99.500000 100.000000 4.331124
99.500000 100.000000 4.392126
99.500000 100.000000 4.453128
99.500000 100.000000 4.514129
99.500000 100.000000 4.575131
99.500000 100.000000 4.636133
99.500000 100.000000 4.697135
99.500000 100.000000 4.758136
99.500000 100.000000 4.819138
99.500000 100.000000 4.880140
99.500000 100.000000 4.941142
99.500000 100.000000 5.002143
99.500000 100.000000 5.063145
99.500000 100.000000 5.124147
99.500000 100.000000 5.185149
99.500000 100.000000 5.246150
99.500000 100.000000 5.307152
99.500000 100.000000 5.368154
99.500000 100.000000 5.429156
99.500000 100.000000 5.490157
99.500000 100.000000 5.551159
99.500000 100.000000 5.612161
99.500000 100.000000 5.673163
99.500000 100.000000 5.734164
99.500000 100.000000 5.795166
99.500000 100.000000 5.856168
99.500000 100.000000 5.917170
99.500000 100.000000 5.978171
99.500000 100.000000 6.039173
99.500000 100.000000 6.100175
99.500000 100.000000 6.161177
99.500000 100.000000 6.222178
